Jdi,Jdo,Jr
0.18735,0.56414,0.68175
0.18789,0.55992,0.67914
0.1886,0.55579,0.67662
0.18953,0.55179,0.67421
0.19069,0.54792,0.67191
0.1921,0.54419,0.66973
0.19368,0.54056,0.66764
0.1954,0.53701,0.66562
0.19722,0.53351,0.66365
0.1991,0.53005,0.66171
0.20105,0.52662,0.6598
0.20305,0.52323,0.65792
0.20512,0.51988,0.65607
0.20727,0.51657,0.65425
0.20951,0.51331,0.65249
0.21184,0.51011,0.65078
0.21424,0.50694,0.64909
0.21669,0.5038,0.64743
0.21919,0.50069,0.64579
0.22172,0.4976,0.64418
0.2243,0.49453,0.64258
0.2269,0.49148,0.64099
0.22953,0.48845,0.63942
0.2322,0.48543,0.63787
0.23489,0.48243,0.63633
0.23761,0.47944,0.6348
0.24035,0.47647,0.63329
0.24312,0.47351,0.63179
0.2459,0.47057,0.63029
0.2487,0.46763,0.62881
0.25152,0.4647,0.62733
0.25435,0.46178,0.62586
0.2572,0.45887,0.6244
0.26011,0.45599,0.62297
0.26343,0.45335,0.62175
0.26704,0.45086,0.62065
0.27089,0.44852,0.61968
0.27496,0.44634,0.6189
0.27921,0.44419,0.61806
0.28362,0.44216,0.61738
0.28816,0.44021,0.61675
0.29281,0.43834,0.6162
0.29753,0.43649,0.61566
0.30223,0.43468,0.61519
0.30708,0.43286,0.61465
0.31199,0.43112,0.61423
0.31688,0.42936,0.61376
0.32182,0.42762,0.61332
0.32676,0.42591,0.61291
0.33169,0.42424,0.61257
0.3368,0.42255,0.61214
0.34189,0.42092,0.61179
0.34707,0.41933,0.61149
0.35243,0.41783,0.61125
0.35789,0.41653,0.61123
0.36395,0.41535,0.61125
0.37025,0.41444,0.61154
0.37503,0.41394,0.61239
0.38511,0.41374,0.61307
0.18728,0.56518,0.67937
0.18775,0.56092,0.67673
0.18841,0.55677,0.67418
0.18928,0.55274,0.67174
0.19039,0.54884,0.66942
0.19174,0.54507,0.66721
0.19329,0.54142,0.6651
0.19498,0.53785,0.66307
0.19683,0.53436,0.66115
0.19865,0.53088,0.65914
0.20063,0.52746,0.65728
0.20258,0.52405,0.65534
0.20463,0.52068,0.65349
0.20674,0.51736,0.65165
0.20896,0.51409,0.64988
0.21128,0.51087,0.64815
0.21366,0.5077,0.64646
0.2161,0.50455,0.64479
0.21858,0.50143,0.64315
0.22111,0.49834,0.64153
0.22368,0.49527,0.63992
0.22627,0.49221,0.63834
0.2289,0.48917,0.63676
0.23155,0.48615,0.63521
0.23424,0.48315,0.63366
0.23695,0.48016,0.63213
0.23969,0.47719,0.63062
0.24245,0.47422,0.62911
0.24523,0.47127,0.62762
0.24803,0.46833,0.62613
0.25084,0.4654,0.62465
0.25367,0.46248,0.62318
0.25652,0.45957,0.62171
0.2594,0.45667,0.62027
0.26262,0.45397,0.61899
0.26617,0.45146,0.61788
0.26997,0.44909,0.61689
0.27397,0.44683,0.61599
0.27817,0.44468,0.61521
0.28255,0.44264,0.6145
0.28706,0.44068,0.61386
0.29166,0.43885,0.61342
0.2964,0.43692,0.61274
0.30114,0.43509,0.61223
0.30592,0.43328,0.61173
0.31079,0.43152,0.61127
0.31572,0.42977,0.61082
0.32062,0.42804,0.6104
0.32557,0.42632,0.60997
0.33054,0.42462,0.60957
0.33559,0.42296,0.6092
0.34067,0.42131,0.60884
0.34582,0.41971,0.60852
0.35108,0.41817,0.60825
0.35666,0.41682,0.60815
0.36249,0.41561,0.60818
0.36866,0.41462,0.60841
0.37419,0.41402,0.60909
0.37522,0.41393,0.61064
0.18768,0.56196,0.67436
0.18824,0.55776,0.67175
0.18905,0.55369,0.66928
0.1901,0.54976,0.66693
0.1914,0.54596,0.66469
0.1929,0.54229,0.66257
0.19457,0.53871,0.66053
0.19634,0.53518,0.65852
0.1982,0.53171,0.65658
0.20011,0.52826,0.65464
0.20208,0.52486,0.65275
0.20412,0.52148,0.65088
0.20624,0.51815,0.64906
0.20842,0.51487,0.64726
0.21071,0.51164,0.64553
0.21308,0.50846,0.64383
0.21551,0.5053,0.64215
0.21798,0.50218,0.64051
0.2205,0.49908,0.63888
0.22306,0.496,0.63727
0.22565,0.49294,0.63568
0.22826,0.4899,0.63411
0.23091,0.48688,0.63254
0.23359,0.48387,0.631
0.2363,0.48088,0.62947
0.23903,0.4779,0.62795
0.24179,0.47493,0.62644
0.24456,0.47198,0.62494
0.24736,0.46904,0.62345
0.25017,0.4661,0.62197
0.253,0.46318,0.6205
0.25586,0.46028,0.61904
0.25874,0.45738,0.6176
0.26187,0.45463,0.61627
0.26539,0.45213,0.6152
0.2691,0.44968,0.61411
0.27304,0.44739,0.61319
0.27718,0.44521,0.61237
0.2815,0.44313,0.61163
0.28597,0.44115,0.611
0.29057,0.43924,0.6104
0.29527,0.43737,0.6099
0.29995,0.43555,0.60937
0.30477,0.43371,0.60882
0.30963,0.43193,0.60834
0.31456,0.4302,0.6079
0.31944,0.42846,0.60747
0.32437,0.42673,0.60704
0.32935,0.42503,0.60663
0.33438,0.42336,0.60625
0.33945,0.42171,0.60589
0.34456,0.42008,0.60555
0.34981,0.41853,0.60528
0.3552,0.41716,0.6052
0.36103,0.41587,0.60511
0.36714,0.41481,0.60528
0.37313,0.41412,0.60583
0.37529,0.41393,0.60718
0.18817,0.5588,0.66937
0.18884,0.55466,0.66683
0.18983,0.55069,0.66445
0.19106,0.54686,0.66219
0.19252,0.54316,0.66003
0.19415,0.53956,0.65797
0.1959,0.53602,0.65596
0.19774,0.53253,0.654
0.19964,0.52909,0.65207
0.20161,0.52567,0.65016
0.20363,0.52229,0.64829
0.20571,0.51895,0.64645
0.20788,0.51565,0.64465
0.21016,0.51241,0.64291
0.21251,0.50922,0.6412
0.21492,0.50606,0.63952
0.21739,0.50293,0.63787
0.2199,0.49982,0.63624
0.22244,0.49674,0.63462
0.22502,0.49368,0.63303
0.22763,0.49063,0.63145
0.23027,0.4876,0.62988
0.23295,0.48459,0.62833
0.23565,0.48159,0.6268
0.23837,0.47861,0.62528
0.24112,0.47564,0.62377
0.24391,0.4727,0.62228
0.24669,0.46975,0.62078
0.24952,0.46683,0.61932
0.25236,0.46391,0.61784
0.25523,0.46101,0.61638
0.25811,0.45812,0.61494
0.26117,0.45532,0.61358
0.26459,0.45274,0.61241
0.26827,0.4503,0.61135
0.27216,0.44798,0.61041
0.27625,0.44577,0.60957
0.28049,0.44366,0.6088
0.28491,0.44163,0.6081
0.28946,0.43968,0.60749
0.29413,0.4378,0.60693
0.29883,0.436,0.60646
0.30362,0.43415,0.6059
0.3084,0.43239,0.60548
0.31336,0.43062,0.60499
0.31826,0.42888,0.60454
0.32319,0.42714,0.60411
0.32815,0.42544,0.60369
0.33317,0.42376,0.60331
0.33815,0.42212,0.60299
0.34331,0.42046,0.60259
0.34855,0.4189,0.60231
0.35385,0.41748,0.60219
0.35948,0.41618,0.60213
0.36571,0.41505,0.60218
0.37149,0.4143,0.6027
0.37384,0.41406,0.60398
0.18882,0.55568,0.6645
0.18958,0.55163,0.66198
0.19081,0.54778,0.65975
0.19224,0.54407,0.65763
0.19375,0.54042,0.65542
0.19547,0.53687,0.6534
0.19729,0.53337,0.65143
0.19918,0.52991,0.64949
0.20113,0.52649,0.64758
0.20314,0.5231,0.6457
0.2052,0.51974,0.64386
0.20735,0.51644,0.64205
0.2096,0.51318,0.64029
0.212,0.51001,0.63866
0.21434,0.50681,0.63689
0.21679,0.50368,0.63523
0.21929,0.50057,0.63359
0.22183,0.49748,0.63197
0.2244,0.49441,0.63038
0.227,0.49136,0.62879
0.22964,0.48833,0.62722
0.2323,0.48531,0.62567
0.23501,0.48232,0.62415
0.23772,0.47933,0.62261
0.24048,0.47636,0.6211
0.24327,0.47342,0.61962
0.24606,0.47048,0.61812
0.24889,0.46756,0.61665
0.25174,0.46464,0.61519
0.25462,0.46175,0.61374
0.25751,0.45886,0.6123
0.26051,0.45603,0.61091
0.26387,0.45341,0.6097
0.26749,0.45094,0.60862
0.27133,0.44859,0.60765
0.27535,0.44635,0.60677
0.27954,0.4442,0.60598
0.2839,0.44214,0.60527
0.28839,0.44016,0.60461
0.29301,0.43826,0.60403
0.29774,0.43641,0.60351
0.30245,0.4346,0.60303
0.30723,0.43282,0.60258
0.31216,0.43103,0.60204
0.31706,0.42933,0.60169
0.32201,0.42755,0.60116
0.32696,0.42585,0.60076
0.33196,0.42416,0.60036
0.33693,0.42251,0.60004
0.3421,0.42085,0.59964
0.34728,0.41927,0.59934
0.35251,0.41781,0.59918
0.35824,0.41645,0.59903
0.36424,0.41531,0.59911
0.37066,0.41446,0.59946
0.37323,0.41419,0.6007
0.18955,0.55266,0.65965
0.19047,0.5487,0.6572
0.1918,0.54493,0.65499
0.19335,0.54128,0.65288
0.19505,0.53771,0.65085
0.19685,0.5342,0.64887
0.19872,0.53074,0.64692
0.20066,0.52731,0.64501
0.20265,0.52391,0.64312
0.2047,0.52055,0.64126
0.20683,0.51722,0.63944
0.20905,0.51396,0.63767
0.21142,0.51077,0.636
0.21376,0.50757,0.63425
0.2162,0.50443,0.63259
0.21868,0.50131,0.63095
0.22121,0.49822,0.62933
0.22378,0.49514,0.62772
0.22638,0.49209,0.62614
0.22901,0.48906,0.62457
0.23168,0.48604,0.62303
0.23437,0.48304,0.62148
0.2371,0.48007,0.61996
0.23986,0.4771,0.61845
0.24265,0.47416,0.61696
0.24546,0.47122,0.61548
0.2483,0.4683,0.61401
0.25116,0.4654,0.61255
0.25404,0.4625,0.61111
0.25694,0.45962,0.60967
0.25989,0.45677,0.60826
0.26319,0.45412,0.60702
0.26676,0.45161,0.60592
0.27054,0.44923,0.60492
0.27451,0.44695,0.60401
0.27865,0.44477,0.60319
0.28293,0.44268,0.60244
0.28737,0.44067,0.60177
0.29194,0.43879,0.60126
0.2966,0.43685,0.60059
0.30131,0.43503,0.6001
0.30612,0.4332,0.59956
0.311,0.43144,0.59911
0.3159,0.42971,0.59868
0.32083,0.42797,0.59823
0.32576,0.42625,0.59782
0.33075,0.42455,0.59742
0.33579,0.42289,0.59704
0.34088,0.42125,0.59669
0.34604,0.41964,0.59636
0.35129,0.41811,0.59611
0.35689,0.41676,0.59601
0.36281,0.41557,0.59605
0.36897,0.41472,0.59641
0.3713,0.41446,0.59768
0.19041,0.54976,0.65483
0.19156,0.54587,0.65253
0.19301,0.54217,0.65037
0.19471,0.53859,0.64837
0.19642,0.53505,0.64631
0.19832,0.53159,0.64442
0.20019,0.52813,0.64243
0.20218,0.52473,0.64055
0.20426,0.52137,0.63874
0.20631,0.51802,0.63684
0.20851,0.51474,0.63506
0.21082,0.51152,0.63334
0.21319,0.50834,0.63164
0.21566,0.50521,0.63002
0.2181,0.50206,0.62831
0.22063,0.49897,0.6267
0.22318,0.49589,0.62508
0.22578,0.49284,0.6235
0.22842,0.48981,0.62194
0.23108,0.48679,0.62038
0.23379,0.4838,0.61884
0.23652,0.48082,0.61733
0.23929,0.47786,0.61582
0.24209,0.47493,0.61435
0.2449,0.47199,0.61286
0.24774,0.46907,0.61139
0.2506,0.46617,0.60993
0.25349,0.46328,0.6085
0.25639,0.4604,0.60707
0.25932,0.45753,0.60563
0.26256,0.45484,0.60436
0.26607,0.45231,0.60323
0.2698,0.44989,0.6022
0.27371,0.44759,0.60127
0.27779,0.44539,0.60043
0.28202,0.44326,0.59966
0.2864,0.44122,0.59895
0.29089,0.43923,0.59829
0.29552,0.43733,0.59771
0.30023,0.43547,0.59717
0.305,0.43365,0.59666
0.30983,0.43187,0.59619
0.31473,0.43012,0.59574
0.31964,0.42839,0.59531
0.32456,0.42666,0.59488
0.32948,0.42498,0.59453
0.33462,0.42337,0.59427
0.33967,0.42164,0.59373
0.34477,0.42002,0.59341
0.35002,0.41847,0.59313
0.35554,0.41708,0.593
0.36112,0.41591,0.5931
0.36679,0.41507,0.59351
0.36871,0.41482,0.59481
0.19158,0.54694,0.65022
0.19283,0.54316,0.64794
0.19438,0.53951,0.64583
0.19609,0.53595,0.6438
0.19795,0.53246,0.64189
0.19984,0.52901,0.63995
0.20175,0.52557,0.63798
0.20376,0.52219,0.63611
0.20586,0.51885,0.63428
0.20803,0.51555,0.63248
0.21031,0.51232,0.63074
0.21266,0.50912,0.62902
0.21513,0.506,0.62743
0.21761,0.50287,0.62577
0.22008,0.49975,0.62408
0.22264,0.49667,0.62247
0.22524,0.49362,0.62089
0.22787,0.49059,0.61932
0.23054,0.48757,0.61777
0.23325,0.48458,0.61623
0.23598,0.4816,0.61471
0.23875,0.47865,0.61321
0.24155,0.4757,0.61172
0.24436,0.47277,0.61025
0.24721,0.46986,0.60878
0.25008,0.46696,0.60734
0.25296,0.46407,0.60588
0.25586,0.46119,0.60445
0.25879,0.45832,0.60302
0.26196,0.45559,0.60173
0.26543,0.45303,0.60057
0.2691,0.45059,0.59953
0.27297,0.44828,0.59861
0.27698,0.446,0.59767
0.28116,0.44385,0.59687
0.28547,0.44178,0.59615
0.28992,0.43977,0.59547
0.29449,0.43783,0.59486
0.29916,0.43595,0.59429
0.30389,0.43412,0.59379
0.30868,0.4323,0.59327
0.31355,0.43054,0.59281
0.31848,0.42882,0.5924
0.32339,0.42708,0.59195
0.32835,0.42537,0.59154
0.33337,0.42369,0.59116
0.33835,0.42208,0.59088
0.34352,0.4204,0.59044
0.34876,0.41884,0.59016
0.35412,0.41742,0.59005
0.36001,0.41621,0.59002
0.36569,0.41538,0.59047
0.36714,0.41515,0.59182
0.19287,0.54427,0.64561
0.19435,0.54055,0.64351
0.19597,0.53695,0.64143
0.19766,0.5334,0.63936
0.19951,0.52992,0.6374
0.20144,0.52648,0.63549
0.20342,0.52308,0.6336
0.20548,0.51972,0.63175
0.20763,0.51641,0.62994
0.20992,0.51318,0.62824
0.21222,0.50996,0.62646
0.21467,0.50682,0.62485
0.21709,0.50367,0.62312
0.2196,0.50056,0.6215
0.22217,0.49749,0.6199
0.22475,0.49443,0.6183
0.22738,0.49139,0.61673
0.23009,0.48841,0.61525
0.23275,0.48539,0.61364
0.23549,0.48241,0.61212
0.2383,0.47948,0.61069
0.24109,0.47654,0.6092
0.24387,0.47358,0.60766
0.24671,0.47066,0.60619
0.24957,0.46776,0.60474
0.25246,0.46487,0.60329
0.25536,0.46199,0.60186
0.2583,0.45913,0.60045
0.26141,0.45636,0.5991
0.26483,0.45378,0.59794
0.26844,0.4513,0.59685
0.27224,0.44893,0.59585
0.27621,0.44665,0.59495
0.28034,0.44448,0.59413
0.2846,0.44236,0.59336
0.289,0.44034,0.59268
0.29351,0.43836,0.59202
0.29812,0.43646,0.59145
0.30283,0.4346,0.5909
0.3076,0.43277,0.59039
0.31238,0.43104,0.59002
0.31732,0.42923,0.58946
0.32223,0.42751,0.58904
0.32718,0.42579,0.58861
0.33209,0.42411,0.58826
0.3372,0.42242,0.58784
0.3423,0.42085,0.5876
0.34735,0.41926,0.58731
0.35295,0.41777,0.58701
0.3588,0.41656,0.58703
0.36435,0.41579,0.58754
0.36643,0.41546,0.58877
0.19448,0.54171,0.64122
0.19594,0.53804,0.63904
0.19761,0.53445,0.637
0.19938,0.53093,0.635
0.20124,0.52746,0.63305
0.20323,0.52404,0.63119
0.20525,0.52067,0.62932
0.20731,0.51732,0.62743
0.20959,0.51408,0.62573
0.21187,0.51085,0.62395
0.21429,0.50769,0.62231
0.2167,0.50453,0.62058
0.2192,0.50143,0.61896
0.22175,0.49834,0.61735
0.22432,0.49527,0.61574
0.22699,0.49226,0.61424
0.22961,0.48922,0.61261
0.23231,0.48622,0.61108
0.23505,0.48325,0.60957
0.23781,0.48029,0.60807
0.24059,0.47734,0.60656
0.24341,0.47441,0.60508
0.24626,0.4715,0.60363
0.24912,0.46859,0.60217
0.25199,0.46569,0.60072
0.2549,0.46281,0.59928
0.25782,0.45995,0.59786
0.26088,0.45715,0.5965
0.26425,0.45454,0.59529
0.26782,0.45204,0.59419
0.27158,0.44965,0.59319
0.2755,0.44734,0.59226
0.27956,0.44512,0.59139
0.28378,0.44298,0.59061
0.28812,0.44093,0.5899
0.29258,0.43892,0.58922
0.29715,0.43699,0.58861
0.30181,0.43511,0.58805
0.30656,0.43327,0.58753
0.31133,0.43145,0.58702
0.31618,0.42968,0.58655
0.3211,0.42796,0.58613
0.32604,0.42623,0.58571
0.33102,0.42452,0.58528
0.33601,0.42284,0.5849
0.3411,0.42118,0.58453
0.3462,0.41963,0.5843
0.35173,0.41816,0.58406
0.3573,0.41703,0.58421
0.36282,0.41625,0.58469
0.36502,0.41589,0.58587
0.19619,0.53926,0.63683
0.19778,0.53561,0.63477
0.19942,0.53204,0.63268
0.20125,0.52853,0.63074
0.20313,0.52507,0.6288
0.20509,0.52166,0.6269
0.20716,0.51831,0.62505
0.20931,0.51501,0.62321
0.21159,0.51178,0.62146
0.21396,0.5086,0.61977
0.21638,0.50544,0.61808
0.21887,0.50232,0.61645
0.2214,0.49923,0.61483
0.22396,0.49615,0.61322
0.22658,0.49311,0.61165
0.22926,0.49011,0.61015
0.23191,0.48708,0.60854
0.23464,0.4841,0.60701
0.2374,0.48114,0.60552
0.24018,0.47819,0.60401
0.243,0.47526,0.60254
0.24582,0.47234,0.60106
0.24868,0.46943,0.5996
0.2516,0.46656,0.59823
0.25446,0.46365,0.59672
0.25738,0.46078,0.5953
0.26039,0.45796,0.59391
0.26372,0.45532,0.59269
0.26725,0.4528,0.59156
0.27096,0.45038,0.59054
0.27483,0.44805,0.58959
0.27885,0.4458,0.5887
0.28301,0.44363,0.58788
0.2873,0.44155,0.58715
0.29172,0.43952,0.58645
0.29623,0.43756,0.58583
0.30085,0.43565,0.58523
0.30554,0.43378,0.58468
0.31031,0.43196,0.58417
0.31512,0.43016,0.58368
0.32001,0.42841,0.58323
0.32493,0.42669,0.58281
0.3299,0.42497,0.58239
0.33487,0.42326,0.58197
0.33989,0.42159,0.58159
0.3451,0.42001,0.5813
0.35056,0.41862,0.58117
0.35648,0.41747,0.58124
0.3617,0.41674,0.58181
0.3632,0.41642,0.58308
0.19812,0.53689,0.6326
0.19969,0.53326,0.6305
0.20139,0.5297,0.62847
0.20319,0.52619,0.62649
0.20505,0.52274,0.62449
0.20706,0.51935,0.62263
0.2092,0.51603,0.62081
0.21148,0.51279,0.6191
0.2138,0.50959,0.61738
0.21616,0.5064,0.61563
0.21862,0.50327,0.61398
0.22112,0.50016,0.61235
0.22366,0.49707,0.61073
0.22626,0.49402,0.60915
0.2289,0.49099,0.60757
0.23158,0.48798,0.60603
0.23433,0.48502,0.60457
0.23704,0.48202,0.603
0.23981,0.47907,0.60148
0.24262,0.47613,0.60001
0.24544,0.47321,0.59854
0.24828,0.47029,0.59706
0.25116,0.4674,0.59563
0.25404,0.4645,0.59417
0.25695,0.46163,0.59275
0.25994,0.45879,0.59134
0.26322,0.45613,0.5901
0.26671,0.45358,0.58895
0.27038,0.45113,0.5879
0.27422,0.44882,0.587
0.27818,0.44651,0.58602
0.2823,0.44432,0.5852
0.28654,0.4422,0.58441
0.2909,0.44015,0.58372
0.29537,0.43815,0.58304
0.29993,0.43622,0.58244
0.30456,0.43437,0.58194
0.30932,0.43248,0.58133
0.3141,0.43067,0.58083
0.31893,0.42889,0.58037
0.32387,0.42716,0.57992
0.3288,0.42543,0.5795
0.3338,0.42374,0.5791
0.33877,0.42204,0.57869
0.344,0.42047,0.5784
0.34949,0.41909,0.57829
0.35518,0.41802,0.57849
0.35941,0.41734,0.57918
0.36087,0.41701,0.58043
0.20011,0.5346,0.62833
0.20172,0.53097,0.62629
0.2036,0.52743,0.6245
0.20525,0.52392,0.62229
0.20719,0.5205,0.62038
0.20927,0.51715,0.61854
0.21142,0.51385,0.61669
0.21372,0.51063,0.615
0.21603,0.50741,0.61322
0.21849,0.50428,0.61161
0.22092,0.50113,0.60991
0.22344,0.49803,0.60827
0.22605,0.49499,0.60674
0.22863,0.49192,0.6051
0.23129,0.48891,0.60354
0.23399,0.48591,0.602
0.23672,0.48293,0.60048
0.23949,0.47997,0.59899
0.24227,0.47703,0.5975
0.24508,0.47409,0.59601
0.24792,0.47117,0.59454
0.25082,0.4683,0.59315
0.25366,0.46538,0.59165
0.25655,0.46248,0.59019
0.25952,0.45964,0.5888
0.2628,0.45699,0.5876
0.26623,0.45439,0.58637
0.26985,0.45192,0.58529
0.27366,0.44959,0.58437
0.27758,0.44725,0.58337
0.28164,0.44507,0.58259
0.28584,0.44293,0.5818
0.29015,0.44085,0.58106
0.29458,0.4388,0.58032
0.29909,0.43688,0.57975
0.30371,0.43491,0.57908
0.30839,0.43306,0.57855
0.31315,0.43122,0.57801
0.31794,0.42941,0.57751
0.3228,0.42765,0.57707
0.32782,0.42596,0.57667
0.33268,0.42421,0.57622
0.33769,0.42251,0.57581
0.34295,0.42099,0.57557
0.34852,0.41963,0.57547
0.35424,0.4186,0.57569
0.35828,0.41793,0.57639
0.35837,0.41765,0.57793
0.20226,0.53235,0.62421
0.20385,0.52873,0.62212
0.20557,0.52519,0.6201
0.20744,0.52172,0.61816
0.20944,0.51834,0.61628
0.21153,0.515,0.6144
0.21377,0.51174,0.61268
0.21607,0.50852,0.61094
0.21843,0.50533,0.60924
0.22086,0.50218,0.60757
0.22331,0.49905,0.60587
0.22584,0.49596,0.60425
0.22844,0.4929,0.60266
0.23108,0.48987,0.6011
0.23376,0.48686,0.59955
0.23646,0.48387,0.59801
0.2392,0.4809,0.5965
0.24202,0.47797,0.59507
0.24477,0.475,0.59351
0.2476,0.47207,0.59203
0.25048,0.46919,0.59064
0.2533,0.46626,0.58912
0.25621,0.46339,0.58773
0.25913,0.46051,0.58625
0.26236,0.45782,0.58499
0.26579,0.45524,0.58382
0.2694,0.45278,0.58279
0.27313,0.45035,0.58171
0.27703,0.44803,0.58077
0.28105,0.44578,0.57988
0.28521,0.44366,0.57914
0.28947,0.44151,0.5783
0.29385,0.43947,0.57761
0.29831,0.43752,0.57702
0.30288,0.43553,0.57633
0.30752,0.43365,0.57577
0.31223,0.43179,0.57523
0.31701,0.42997,0.57471
0.32183,0.42818,0.57423
0.32672,0.42642,0.57377
0.33166,0.4247,0.57335
0.3367,0.42304,0.57298
0.34201,0.42155,0.57276
0.34745,0.42026,0.57277
0.35309,0.41925,0.573
0.35694,0.4186,0.57376
0.3581,0.41822,0.575
0.20444,0.53018,0.62003
0.20608,0.52656,0.61801
0.20786,0.52304,0.61602
0.20977,0.51961,0.6141
0.21177,0.51623,0.61218
0.21394,0.51292,0.61042
0.21613,0.50965,0.60858
0.21848,0.50644,0.60692
0.22082,0.50325,0.60516
0.22327,0.50011,0.60351
0.22581,0.49702,0.60193
0.22832,0.49392,0.60026
0.23097,0.4909,0.59874
0.23358,0.48785,0.59712
0.23626,0.48484,0.59557
0.23901,0.48188,0.59411
0.24176,0.47891,0.5926
0.2445,0.47593,0.59103
0.24734,0.47302,0.58961
0.25013,0.47007,0.58808
0.25297,0.46716,0.58662
0.25584,0.46426,0.58516
0.25878,0.4614,0.58374
0.26202,0.45873,0.58253
0.2654,0.4561,0.58128
0.26897,0.4536,0.58017
0.27269,0.45118,0.57915
0.27655,0.44887,0.57824
0.28053,0.44657,0.57727
0.28463,0.44438,0.57645
0.28886,0.44225,0.57566
0.29319,0.44017,0.57493
0.29761,0.43817,0.57426
0.30212,0.43623,0.57368
0.30672,0.43429,0.57304
0.3114,0.43241,0.57247
0.31614,0.43056,0.57193
0.32092,0.42875,0.57143
0.32576,0.42697,0.57095
0.33063,0.42528,0.5706
0.33578,0.42361,0.5702
0.3412,0.42215,0.56999
0.34688,0.42088,0.56997
0.35214,0.41994,0.57032
0.35481,0.4194,0.57129
0.35634,0.41896,0.57243
0.2068,0.52805,0.61602
0.20861,0.52444,0.61421
0.21026,0.52096,0.61199
0.21216,0.51753,0.61003
0.21424,0.51418,0.60822
0.21636,0.51086,0.60636
0.21863,0.50761,0.60465
0.22091,0.50439,0.60286
0.22334,0.50124,0.60124
0.2258,0.49811,0.59958
0.22828,0.49498,0.59789
0.23088,0.49193,0.59635
0.23346,0.48887,0.59472
0.23611,0.48585,0.59316
0.23883,0.48286,0.59167
0.24151,0.47985,0.59008
0.24426,0.47689,0.58857
0.24704,0.47393,0.58707
0.24984,0.471,0.58558
0.25268,0.46808,0.58412
0.25554,0.46518,0.58267
0.25849,0.46232,0.58125
0.26169,0.45961,0.57996
0.26508,0.457,0.57876
0.26862,0.45448,0.57765
0.27231,0.45205,0.57661
0.27612,0.44969,0.57562
0.28007,0.4474,0.5747
0.28414,0.44519,0.57386
0.28833,0.44303,0.57305
0.29261,0.44093,0.5723
0.297,0.4389,0.57161
0.30147,0.43692,0.57096
0.30603,0.43497,0.57034
0.31066,0.43307,0.56975
0.31534,0.43121,0.56921
0.32005,0.4294,0.56873
0.32489,0.42756,0.56818
0.3298,0.42582,0.56774
0.33498,0.42425,0.56746
0.34049,0.42283,0.56729
0.3462,0.4216,0.56731
0.35057,0.42076,0.56782
0.35189,0.4203,0.569
0.35343,0.41984,0.57011
0.20919,0.52599,0.61196
0.21089,0.52241,0.60996
0.21271,0.51891,0.60799
0.21466,0.5155,0.60608
0.21672,0.51214,0.60423
0.21904,0.50889,0.60269
0.2211,0.50558,0.60061
0.22343,0.50238,0.5989
0.22584,0.49922,0.59722
0.2283,0.49609,0.59557
0.23085,0.493,0.59399
0.23338,0.48991,0.59233
0.236,0.48687,0.59076
0.23865,0.48384,0.58919
0.24134,0.48084,0.58765
0.24406,0.47786,0.58612
0.24682,0.4749,0.58461
0.24961,0.47195,0.58313
0.25243,0.46903,0.58165
0.25529,0.46612,0.58019
0.25825,0.46327,0.57879
0.26145,0.46056,0.5775
0.26485,0.45798,0.57637
0.26834,0.45541,0.57517
0.272,0.45297,0.57412
0.27579,0.45059,0.57311
0.2797,0.44828,0.57217
0.28374,0.44608,0.57138
0.28787,0.4439,0.57056
0.29213,0.44175,0.56971
0.29647,0.43969,0.569
0.30088,0.43771,0.56839
0.30538,0.43575,0.56775
0.30999,0.43377,0.56707
0.31464,0.43188,0.5665
0.31935,0.43003,0.56596
0.3241,0.42821,0.56546
0.32903,0.42649,0.56504
0.3343,0.42495,0.56478
0.33977,0.42355,0.56464
0.34521,0.42243,0.5648
0.34842,0.4217,0.56553
0.34963,0.42121,0.56663
0.2118,0.52387,0.60822
0.21335,0.52036,0.60596
0.21519,0.51688,0.604
0.21712,0.51347,0.60204
0.21939,0.51016,0.60052
0.22137,0.50683,0.5984
0.22367,0.50359,0.59671
0.22598,0.50038,0.59494
0.22838,0.49721,0.59325
0.23088,0.49411,0.59166
0.23337,0.49099,0.58998
0.23594,0.48792,0.58839
0.23856,0.48488,0.58681
0.24121,0.48185,0.58524
0.24395,0.47889,0.58377
0.24666,0.47589,0.58219
0.24944,0.47295,0.58071
0.25225,0.47001,0.57921
0.2551,0.4671,0.57776
0.25809,0.46427,0.57637
0.2613,0.46156,0.57509
0.26466,0.45894,0.57388
0.26817,0.45643,0.5728
0.27179,0.45393,0.57165
0.27555,0.45154,0.57066
0.27943,0.44922,0.56971
0.28342,0.44699,0.56888
0.28753,0.44475,0.56796
0.29173,0.44262,0.56719
0.29603,0.44053,0.56644
0.30039,0.43852,0.56581
0.30488,0.43648,0.56506
0.30941,0.43454,0.56446
0.31401,0.43263,0.56387
0.31868,0.43075,0.5633
0.32341,0.42889,0.56275
0.32831,0.42725,0.56245
0.33374,0.42573,0.56216
0.33933,0.42435,0.56203
0.34483,0.4233,0.56225
0.34633,0.42272,0.56329
0.34786,0.42217,0.56431
0.3486,0.42169,0.56548
0.21406,0.52188,0.60393
0.21598,0.51831,0.60221
0.21766,0.51486,0.59997
0.21983,0.51148,0.59838
0.22172,0.50811,0.59623
0.22394,0.50483,0.5945
0.22617,0.50158,0.59269
0.22852,0.49839,0.59099
0.23097,0.49524,0.58936
0.2334,0.4921,0.58765
0.23596,0.48902,0.58609
0.23852,0.48594,0.58444
0.24115,0.48291,0.58287
0.24384,0.47991,0.58134
0.24657,0.47693,0.57982
0.24934,0.47398,0.57831
0.25214,0.47104,0.57683
0.25498,0.46811,0.57535
0.25802,0.46532,0.57399
0.26123,0.46261,0.5727
0.26459,0.45999,0.57149
0.26807,0.45744,0.57034
0.27169,0.45496,0.56926
0.27542,0.45255,0.56824
0.27927,0.45021,0.56727
0.28322,0.44792,0.56636
0.28728,0.44574,0.56558
0.29145,0.44354,0.56469
0.2957,0.44142,0.56392
0.30005,0.43936,0.5632
0.30447,0.43735,0.56253
0.30897,0.43536,0.56187
0.31352,0.43343,0.56128
0.3181,0.43156,0.56076
0.32279,0.4297,0.56021
0.32805,0.42808,0.55984
0.33333,0.42656,0.55958
0.33896,0.42523,0.5595
0.34247,0.42442,0.56013
0.34377,0.42384,0.56118
0.34525,0.42327,0.56218
0.34641,0.42273,0.56326
0.21669,0.51978,0.60022
0.21827,0.5163,0.59792
0.22018,0.51284,0.59604
0.22215,0.50944,0.5941
0.22429,0.50611,0.59233
0.22645,0.50282,0.59049
0.22876,0.4996,0.5888
0.23108,0.49639,0.58703
0.23355,0.49326,0.58542
0.23601,0.49014,0.58372
0.23861,0.48708,0.58218
0.24119,0.48402,0.58054
0.24386,0.48101,0.579
0.24661,0.47804,0.57753
0.24933,0.47506,0.57596
0.25212,0.47211,0.57446
0.255,0.46921,0.57301
0.25807,0.46643,0.57167
0.2613,0.46373,0.57039
0.26465,0.46111,0.56918
0.26813,0.45858,0.5681
0.27175,0.45624,0.56731
0.27542,0.45367,0.56597
0.27924,0.45127,0.56491
0.28316,0.44898,0.564
0.28717,0.44677,0.56318
0.29129,0.44458,0.56235
0.29541,0.44261,0.56189
0.29979,0.44036,0.56082
0.30416,0.43832,0.56012
0.30861,0.43631,0.55945
0.31315,0.4343,0.55873
0.31769,0.43242,0.55821
0.32242,0.43052,0.5576
0.32755,0.42889,0.55724
0.33301,0.42747,0.55708
0.3387,0.42625,0.55712
0.34,0.4256,0.55808
0.34107,0.42501,0.55912
0.34242,0.42442,0.56015
0.3438,0.42385,0.56116
0.21912,0.51783,0.59604
0.221,0.51427,0.59427
0.22274,0.51084,0.59209
0.22471,0.50746,0.59015
0.22685,0.50414,0.58834
0.2291,0.50088,0.58662
0.23139,0.49766,0.58484
0.23378,0.49449,0.58316
0.23625,0.49136,0.5815
0.23881,0.48828,0.57994
0.24137,0.48521,0.5783
0.24402,0.48218,0.57672
0.24672,0.47919,0.5752
0.24946,0.47622,0.57368
0.25226,0.47328,0.57223
0.25521,0.47042,0.57079
0.2584,0.46779,0.5698
0.26155,0.46498,0.56824
0.26489,0.46235,0.56702
0.26834,0.45979,0.56586
0.27191,0.45726,0.5647
0.27559,0.45483,0.56365
0.27937,0.45245,0.56265
0.28326,0.45012,0.5617
0.28722,0.44788,0.56086
0.29131,0.44567,0.56
0.29547,0.44352,0.55921
0.29973,0.44136,0.55836
0.30406,0.43928,0.55762
0.30845,0.43726,0.55695
0.31291,0.43526,0.55629
0.31746,0.43331,0.55565
0.3219,0.43168,0.5555
0.32723,0.42991,0.55489
0.33257,0.4285,0.55474
0.33582,0.42759,0.55538
0.33795,0.42688,0.55609
0.33895,0.4262,0.55716
0.34109,0.42501,0.55911
0.22226,0.51619,0.59235
0.22383,0.51252,0.59029
0.22564,0.50906,0.58827
0.22761,0.50566,0.58637
0.22975,0.50233,0.5846
0.23197,0.49907,0.58279
0.2343,0.49587,0.58107
0.23674,0.49272,0.57944
0.23923,0.48961,0.57781
0.24176,0.48652,0.57614
0.24439,0.48348,0.57457
0.24708,0.48048,0.57307
0.24981,0.4775,0.57154
0.25274,0.47467,0.57032
0.25567,0.47177,0.56867
0.25878,0.46901,0.56734
0.262,0.46631,0.56606
0.26534,0.46368,0.56484
0.26878,0.46112,0.56372
0.27231,0.45871,0.56285
0.27597,0.45613,0.56149
0.27971,0.45375,0.56052
0.28356,0.45138,0.55951
0.28742,0.44923,0.55889
0.29151,0.44688,0.55778
0.29563,0.44468,0.55693
0.29982,0.44254,0.55613
0.30411,0.44041,0.55533
0.30843,0.43838,0.55466
0.31285,0.43636,0.55398
0.3174,0.43436,0.55327
0.32222,0.43259,0.55282
0.32737,0.43097,0.55248
0.33225,0.42969,0.55251
0.33385,0.42896,0.55338
0.33512,0.42825,0.55429
0.33624,0.42758,0.55521
0.33901,0.42622,0.55708
0.22757,0.51045,0.58707
0.22934,0.50761,0.58493
0.23116,0.504,0.58316
0.23318,0.50081,0.58108
0.23542,0.4975,0.57954
0.23766,0.49432,0.57756
0.24006,0.49117,0.57583
0.24263,0.48807,0.57445
0.24516,0.485,0.57266
0.24784,0.482,0.57112
0.25062,0.47905,0.56956
0.25352,0.47617,0.56817
0.25653,0.4734,0.56701
0.25961,0.47064,0.56568
0.26282,0.46786,0.56411
0.26612,0.46523,0.56295
0.26953,0.46263,0.56175
0.27303,0.4601,0.56063
0.27663,0.45762,0.55953
0.28033,0.45519,0.55849
0.28404,0.45292,0.55775
0.2879,0.4506,0.5568
0.29186,0.44834,0.55591
0.29606,0.44597,0.55472
0.30017,0.44383,0.55397
0.30438,0.44171,0.5532
0.30867,0.43962,0.55246
0.31307,0.43753,0.55168
0.31763,0.4356,0.55107
0.32247,0.43383,0.5506
0.32758,0.43221,0.55027
0.33023,0.43121,0.55079
0.33295,0.42967,0.55255
0.33413,0.42893,0.55343
0.33589,0.4276,0.55526
0.2376,0.4992,0.57828
0.23974,0.49623,0.57645
0.24198,0.49313,0.57469
0.24433,0.49002,0.57299
0.24682,0.48695,0.57136
0.24948,0.48401,0.5696
0.2522,0.48103,0.56807
0.25502,0.47811,0.5666
0.25791,0.47526,0.56539
0.261,0.47246,0.5638
0.2638,0.4699,0.56385
0.26703,0.46727,0.56259
0.27073,0.4644,0.56001
0.27418,0.46182,0.55879
0.2776,0.45939,0.55797
0.28122,0.45693,0.55691
0.2851,0.45443,0.55558
0.28892,0.45207,0.5546
0.29265,0.44988,0.55398
0.29679,0.44752,0.55282
0.30085,0.44531,0.55197
0.30482,0.44326,0.55142
0.30926,0.44097,0.5503
0.31328,0.43908,0.54994
0.31812,0.43704,0.54907
0.3229,0.43525,0.54859
0.32744,0.43377,0.54842
0.32855,0.43286,0.54913
0.32969,0.43199,0.5499
0.3303,0.4312,0.55078
0.33226,0.42969,0.5525
0.2547,0.48331,0.56725
0.2574,0.48043,0.56571
0.2594,0.47711,0.56523
0.26307,0.47472,0.56281
0.26609,0.47194,0.56144
0.26941,0.46927,0.55992
0.27265,0.46659,0.55863
0.27597,0.46395,0.55743
0.27922,0.46141,0.55649
0.28274,0.45891,0.55537
0.28549,0.45673,0.55553
0.29028,0.45399,0.55303
0.29411,0.45162,0.55203
0.29776,0.44939,0.55136
0.30196,0.44704,0.5502
0.306,0.44481,0.54934
0.30977,0.44279,0.54889
0.31459,0.44058,0.54775
0.319,0.43867,0.54722
0.32269,0.43708,0.5472
0.32632,0.43568,0.54704
0.32741,0.43467,0.54764
0.33126,0.43042,0.55161
0.26048,0.48117,0.56488
0.27258,0.47191,0.55924
0.27523,0.46916,0.55805
0.27884,0.46665,0.55656
0.28504,0.46131,0.55429
0.28694,0.45878,0.55436
0.2979,0.45174,0.55128
0.30171,0.44947,0.55034
0.30775,0.44684,0.54776
0.31126,0.44474,0.54728
0.31526,0.4427,0.54664
0.32028,0.4406,0.54563
0.32261,0.43917,0.54588
0.32657,0.43769,0.54561
0.32727,0.43659,0.54616
0.32721,0.43561,0.54686
0.32772,0.43465,0.5476
0.32772,0.43375,0.54837
0.26904,0.47499,0.56096
0.2783,0.46745,0.5574
0.28113,0.46523,0.5563
0.28415,0.46307,0.55522
0.28944,0.46092,0.5532
0.29317,0.45905,0.55213
0.29702,0.45683,0.55097
0.30097,0.4544,0.5498
0.30516,0.45202,0.54861
0.3059,0.44963,0.54881
0.31354,0.44539,0.54709
0.32106,0.44313,0.54488
0.32736,0.44117,0.54387
0.32722,0.43991,0.54433
0.32614,0.43881,0.54506
0.32696,0.43766,0.54555
0.27175,0.47258,0.55968
0.28793,0.46271,0.55393
0.28756,0.46224,0.55426
0.29312,0.45832,0.55238
0.29671,0.45746,0.55117
0.29848,0.45615,0.55058
0.31778,0.45008,0.54602
0.32213,0.44822,0.54465
0.32439,0.44588,0.54407
0.33082,0.44227,0.54298
0.32949,0.441,0.54357
0.32762,0.43988,0.54427
0.32671,0.43877,0.54514
0.32702,0.43766,0.54554
0.269,0.47503,0.56099
0.28053,0.46728,0.55645
0.28498,0.46392,0.55466
0.28769,0.46288,0.55401
0.28889,0.46134,0.55379
0.29389,0.45938,0.5521
0.29656,0.45683,0.55145
0.29738,0.45703,0.55096
0.30467,0.45276,0.54926
0.30395,0.45302,0.54902
0.32983,0.44912,0.54323
0.33386,0.44491,0.54225
0.33098,0.44221,0.54312
0.32698,0.44099,0.54475
0.32765,0.43988,0.54426
0.32653,0.43879,0.54513
0.32706,0.43765,0.54553
0.28166,0.46627,0.55588
0.28474,0.46414,0.55483
0.29156,0.46104,0.55291
0.2921,0.46069,0.55273
0.29184,0.4598,0.55292
0.29407,0.45928,0.55207
0.29651,0.45761,0.55126
0.2976,0.4569,0.55092
0.33841,0.44774,0.54146
0.34128,0.44605,0.54087
0.33565,0.44478,0.54199
0.33412,0.44339,0.54242
0.33127,0.44218,0.54311
0.32965,0.44099,0.54355
0.28047,0.46733,0.55647
0.28255,0.46619,0.55617
0.29216,0.46059,0.55262
0.29171,0.46094,0.55286
0.29402,0.45932,0.55208
0.29419,0.45916,0.55202
0.34491,0.45092,0.54039
0.34554,0.44879,0.54023
0.34287,0.44741,0.54069
0.33606,0.44476,0.54193
0.3346,0.44344,0.54219
0.3308,0.44226,0.54302
0.26898,0.47504,0.56099
0.28045,0.46734,0.55648
0.28266,0.46555,0.55558
0.29276,0.46027,0.55251
0.29194,0.46082,0.55281
0.29614,0.45784,0.55138
0.35026,0.4519,0.53957
0.35035,0.45017,0.53947
0.34656,0.44879,0.54007
0.34353,0.44738,0.54059
0.34214,0.44599,0.54073
0.33687,0.4447,0.54181
0.28044,0.46735,0.55648
0.28273,0.46552,0.55556
0.28456,0.46421,0.55488
0.28878,0.46246,0.55373
0.29215,0.46068,0.55274
0.35653,0.45511,0.53853
0.35703,0.4533,0.53834
0.3543,0.45159,0.53886
0.3515,0.4501,0.53928
0.34822,0.44883,0.53968
0.34446,0.44732,0.54045
0.29155,0.46105,0.55292
0.29182,0.4609,0.55285
0.29235,0.46051,0.55267
0.29588,0.45806,0.55148
0.35959,0.45464,0.53809
0.35717,0.4531,0.53844
0.3545,0.45159,0.53883
0.35164,0.4501,0.53926
0.28749,0.46298,0.55407
0.29158,0.46103,0.5529
0.28817,0.46239,0.55417
0.29228,0.46057,0.55267
0.29231,0.46056,0.55266
0.29555,0.45861,0.55201
0.35975,0.45464,0.53807
0.2915,0.46109,0.55293
0.29199,0.46077,0.55277
0.29255,0.4604,0.55258
0.29563,0.45858,0.55199
0.29142,0.46116,0.55297
0.28798,0.46253,0.55423
0.29208,0.46071,0.55274
0.29285,0.46007,0.55281
0.29302,0.46005,0.55278
0.29159,0.46102,0.5529
0.28792,0.46256,0.55425
0.28826,0.46242,0.55416
0.28862,0.46229,0.55407
0.29301,0.46012,0.5528
0.29583,0.45852,0.55194
0.29197,0.46078,0.55277
0.29227,0.46058,0.55267
0.3855,0.47574,0.53626
0.2923,0.46056,0.55267
0.2924,0.46049,0.55263
0.29244,0.46047,0.55262
0.29253,0.46041,0.55259
0.29573,0.45857,0.55196
0.29243,0.46048,0.55262
0.29206,0.46072,0.55274
0.29235,0.46053,0.55265
0.29232,0.46055,0.55266
0.29256,0.46039,0.55258
0.3779,0.47241,0.53747
0.29233,0.46054,0.55266
0.39819,0.48362,0.53499
0.2927,0.4603,0.55253
0.41867,0.49659,0.53298
0.45491,0.51561,0.52852
0.4906,0.5378,0.52707
