Kp	Ti	Td	beta	Jdi	Jr	Jdin	Jrn
0.42811	201.46	47.018	0.66994	0.78602	1.4285	0	1
0.42812	202.41	46.684	0.67253	0.78605	1.4244	8.634e-05	0.97981
0.42812	202.88	46.529	0.67385	0.78609	1.4223	0.00020202	0.96985
0.42812	203.36	46.38	0.67519	0.78615	1.4203	0.00035467	0.95986
0.42812	203.84	46.236	0.67654	0.78623	1.4183	0.00058222	0.94998
0.42807	204.31	46.044	0.67033	0.78637	1.4163	0.00097116	0.9404
0.42807	204.79	45.857	0.67916	0.78641	1.4142	0.0010769	0.93023
0.42808	205.28	45.71	0.68049	0.78651	1.4122	0.0013471	0.92033
0.42807	205.76	45.566	0.67429	0.78663	1.4102	0.0016922	0.91055
0.42801	206.24	45.348	0.67562	0.78679	1.4082	0.0021173	0.90089
0.42797	206.71	45.207	0.67704	0.787	1.4063	0.0027063	0.89153
0.42792	207.19	45.003	0.67838	0.78717	1.4043	0.0031854	0.88189
0.42789	207.68	44.84	0.67974	0.78737	1.4024	0.0037183	0.87229
0.42788	208.17	44.658	0.68105	0.78753	1.4003	0.0041562	0.86243
0.42779	208.65	44.464	0.68246	0.78782	1.3985	0.0049589	0.85328
0.4277	209.13	44.244	0.68383	0.78808	1.3965	0.0056749	0.84387
0.42764	209.63	44.012	0.68515	0.7883	1.3945	0.0062809	0.83413
0.42753	210.1	43.821	0.67928	0.78868	1.3927	0.0073253	0.82527
0.42743	210.58	43.604	0.68067	0.78902	1.3909	0.0082705	0.81609
0.42729	211.06	43.364	0.68209	0.7894	1.389	0.009307	0.80699
0.42716	211.54	43.128	0.68352	0.78982	1.3872	0.010447	0.79801
0.42702	212.02	42.891	0.68496	0.79027	1.3853	0.011701	0.78913
0.42687	212.51	42.629	0.68639	0.79073	1.3835	0.012951	0.78007
0.42669	212.98	42.377	0.68786	0.79129	1.3817	0.014493	0.77147
0.4265	213.45	42.128	0.68218	0.79191	1.38	0.016209	0.76306
0.42638	213.9	41.963	0.68359	0.79265	1.3784	0.018237	0.75515
0.42637	214.34	41.866	0.68483	0.79342	1.3767	0.020346	0.74712
0.42636	214.71	41.905	0.68613	0.79446	1.3755	0.023232	0.74092
0.42654	215.13	41.965	0.68711	0.79537	1.3739	0.025716	0.73328
0.42672	215.55	42.031	0.68808	0.79631	1.3724	0.028308	0.72575
0.42705	216.02	42.087	0.68875	0.79709	1.3705	0.030457	0.71668
0.42724	216.44	42.138	0.68968	0.79805	1.3689	0.033088	0.70894
0.42741	216.85	42.2	0.69063	0.79905	1.3674	0.035845	0.7015
0.42751	217.25	42.25	0.68486	0.80012	1.366	0.038778	0.69456
0.42765	217.65	42.3	0.68587	0.80115	1.3645	0.041614	0.68725
0.42764	218	42.373	0.68718	0.80237	1.3633	0.044972	0.68158
0.42793	218.46	42.4	0.6879	0.80324	1.3615	0.047373	0.67272
0.42806	218.87	42.455	0.68893	0.8043	1.36	0.05029	0.66549
0.42802	219.22	42.508	0.69026	0.80555	1.3589	0.053711	0.6599
0.42829	219.68	42.53	0.69099	0.80645	1.3571	0.056191	0.6511
0.42845	220.09	42.579	0.69197	0.8075	1.3556	0.059077	0.64361
0.42855	220.5	42.614	0.693	0.80859	1.3541	0.062076	0.63647
0.42863	220.89	42.656	0.6876	0.80972	1.3527	0.065175	0.62964
0.42872	221.3	42.68	0.68866	0.81082	1.3512	0.068194	0.62252
0.42882	221.7	42.72	0.68973	0.81192	1.3498	0.071229	0.6154
0.42891	222.1	42.745	0.69079	0.81303	1.3483	0.074279	0.60831
0.42902	222.51	42.792	0.69187	0.81415	1.3469	0.07735	0.60123
0.42909	222.92	42.806	0.69294	0.81527	1.3454	0.080444	0.59418
0.42919	223.32	42.841	0.69402	0.8164	1.344	0.083558	0.58714
0.42929	223.74	42.847	0.69503	0.81751	1.3425	0.086598	0.5798
0.42936	224.15	42.859	0.69611	0.81865	1.3411	0.089748	0.5728
0.42941	224.56	42.837	0.69095	0.8198	1.3396	0.09291	0.56581
0.42945	224.96	42.855	0.6921	0.82099	1.3383	0.096177	0.55917
0.42952	225.37	42.866	0.6932	0.82215	1.3368	0.099367	0.55221
0.42958	225.78	42.873	0.69428	0.82332	1.3354	0.10257	0.54526
0.42965	226.19	42.891	0.69538	0.82449	1.334	0.10579	0.53833
0.42972	226.6	42.908	0.69648	0.82566	1.3326	0.10902	0.53141
0.42978	227.01	42.914	0.69756	0.82684	1.3312	0.11226	0.5245
0.42988	227.43	42.925	0.69859	0.82799	1.3297	0.11543	0.51729
0.42995	227.84	42.942	0.69374	0.82918	1.3283	0.1187	0.5104
0.42985	228.2	42.972	0.69514	0.83052	1.3272	0.12238	0.50506
0.42991	228.6	42.988	0.69625	0.83172	1.3258	0.12567	0.4982
0.43013	229.07	42.99	0.69706	0.83278	1.3241	0.12858	0.48984
0.43019	229.47	43.008	0.69816	0.83399	1.3227	0.13192	0.48303
0.43023	229.87	43.04	0.69933	0.83524	1.3214	0.13535	0.47648
0.43038	230.3	43.2	0.70062	0.83646	1.3199	0.13871	0.46952
0.43046	230.71	43.396	0.69644	0.83777	1.3186	0.14232	0.46323
0.4305	231.1	43.397	0.6975	0.83908	1.3173	0.14592	0.45667
0.43054	231.49	43.389	0.69854	0.84039	1.316	0.14953	0.45013
0.43058	231.88	43.371	0.69956	0.84171	1.3146	0.15315	0.44359
0.43068	232.29	43.461	0.70076	0.84301	1.3132	0.15672	0.43676
0.43073	232.69	43.618	0.70224	0.84437	1.312	0.16047	0.43064
0.43082	233.12	43.679	0.70688	0.84572	1.3106	0.16417	0.42389
0.43087	233.53	43.775	0.71024	0.8471	1.3093	0.16797	0.41754
0.4309	233.94	43.912	0.7117	0.84852	1.3081	0.17188	0.4115
0.4308	234.3	44.012	0.71327	0.85003	1.307	0.17604	0.40655
0.43098	234.77	44.196	0.71463	0.8514	1.3055	0.17979	0.39917
0.43101	235.2	44.298	0.71685	0.85287	1.3043	0.18383	0.39306
0.43105	235.63	44.341	0.72117	0.85435	1.303	0.1879	0.3869
0.43108	236.06	44.433	0.72413	0.85585	1.3018	0.19203	0.38087
0.43095	236.43	44.525	0.72575	0.85744	1.3008	0.1964	0.37619
0.43096	236.87	44.647	0.72723	0.85898	1.2996	0.20064	0.37028
0.43097	237.31	44.744	0.72868	0.86054	1.2984	0.20494	0.36443
0.43112	237.82	44.864	0.73191	0.86207	1.297	0.20913	0.35735
0.43098	238.2	44.91	0.73471	0.86373	1.2961	0.21369	0.35289
0.43097	239.1	45.097	0.73989	0.86698	1.2937	0.22263	0.34153
0.43095	239.55	45.208	0.74142	0.86863	1.2926	0.22719	0.33594
0.43092	240	45.341	0.74304	0.87032	1.2915	0.23182	0.33042
0.43108	240.56	45.391	0.74788	0.87199	1.2901	0.2364	0.32367
0.43106	241.03	45.474	0.75112	0.87371	1.289	0.24114	0.31824
0.43102	241.49	45.596	0.75272	0.87546	1.2879	0.24596	0.31291
0.43081	241.87	45.702	0.75453	0.87726	1.2871	0.25091	0.30895
0.43097	242.45	45.76	0.75999	0.87906	1.2857	0.25586	0.30249
0.43071	243.33	45.933	0.76453	0.88277	1.2839	0.26605	0.29366
0.43088	243.96	45.959	0.7703	0.88468	1.2827	0.2713	0.28744
0.43068	244.37	45.999	0.77281	0.88657	1.2819	0.27652	0.28382
0.43063	244.87	46.084	0.77438	0.88851	1.2809	0.28184	0.279
0.43058	245.39	46.154	0.77593	0.89048	1.28	0.28725	0.27428
0.43052	245.9	46.251	0.77817	0.89247	1.279	0.29273	0.2696
0.43071	246.58	46.262	0.7842	0.89451	1.2778	0.29835	0.26366
0.43047	246.98	46.322	0.78595	0.89649	1.2771	0.30379	0.26036
0.43038	247.5	46.436	0.78766	0.89854	1.2762	0.30942	0.25584
0.43035	248.05	46.472	0.78912	0.90061	1.2753	0.31511	0.25139
0.43051	248.74	46.526	0.79344	0.90277	1.2741	0.32106	0.2457
0.43028	249.16	46.55	0.79605	0.9048	1.2735	0.32664	0.24261
0.43023	249.72	46.61	0.79911	0.90692	1.2726	0.33246	0.23827
0.43013	250.25	46.718	0.80083	0.90906	1.2717	0.33835	0.23401
0.43008	250.81	46.764	0.80235	0.91122	1.2709	0.3443	0.22982
0.43024	252.14	46.815	0.8105	0.91571	1.2689	0.35664	0.22027
0.42992	252.54	46.904	0.81117	0.91781	1.2683	0.36242	0.21746
0.42973	253.66	47.069	0.81572	0.92228	1.2667	0.37471	0.20946
0.42972	254.27	47.067	0.81708	0.92455	1.2659	0.38095	0.20555
0.42996	255.09	47.103	0.82296	0.92701	1.2648	0.38771	0.20013
0.42957	255.44	47.186	0.8227	0.92913	1.2643	0.39354	0.19783
0.42956	256.06	47.182	0.82708	0.93143	1.2635	0.39987	0.194
0.42943	256.63	47.28	0.82881	0.93375	1.2628	0.40626	0.19025
0.42932	257.21	47.369	0.8305	0.9361	1.262	0.4127	0.18652
0.4293	257.84	47.368	0.83188	0.93846	1.2613	0.4192	0.18287
0.42919	258.43	47.44	0.83422	0.94084	1.2605	0.42575	0.17927
0.42915	259.06	47.466	0.83773	0.94322	1.2598	0.4323	0.17566
0.42899	260.29	47.558	0.84355	0.94803	1.2583	0.44552	0.16859
0.42886	260.87	47.655	0.84528	0.95046	1.2576	0.4522	0.16509
0.42885	261.54	47.633	0.84657	0.95291	1.2569	0.45894	0.16169
0.42878	262.18	47.666	0.84974	0.95538	1.2562	0.46572	0.15833
0.42865	262.78	47.757	0.85154	0.95785	1.2556	0.47252	0.15495
0.42854	264.07	47.806	0.85816	0.96282	1.2542	0.48619	0.1483
0.42839	264.67	47.896	0.85989	0.96533	1.2535	0.4931	0.14507
0.42832	265.31	47.924	0.86138	0.96786	1.2529	0.50006	0.14189
0.42826	265.98	47.943	0.86315	0.97041	1.2522	0.50705	0.13872
0.42826	266.67	47.926	0.86732	0.97296	1.2516	0.51406	0.13558
0.42808	267.27	48.041	0.86847	0.97552	1.2509	0.52111	0.13244
0.42808	267.96	48.024	0.87254	0.97808	1.2503	0.52815	0.12932
0.42793	268.58	48.109	0.87432	0.98067	1.2497	0.53527	0.12628
0.42777	269.19	48.195	0.87604	0.98327	1.2491	0.54242	0.12331
0.42802	270.16	48.233	0.87714	0.98623	1.2482	0.55055	0.11908
0.42763	270.54	48.237	0.87913	0.98851	1.2479	0.55684	0.11741
0.42762	271.25	48.22	0.88307	0.99114	1.2473	0.56407	0.11448
0.42761	271.97	48.206	0.8869	0.99378	1.2467	0.57133	0.11158
0.42743	272.58	48.311	0.88822	0.99643	1.2461	0.57862	0.10868
0.42729	273.22	48.375	0.89027	0.9991	1.2455	0.58594	0.10588
0.42725	273.92	48.369	0.8916	1.0018	1.2449	0.59332	0.10312
0.42715	274.6	48.419	0.89311	1.0045	1.2444	0.60071	0.10032
0.42709	275.3	48.417	0.8968	1.0072	1.2438	0.60814	0.097627
0.4269	275.92	48.529	0.89769	1.0099	1.2433	0.6156	0.094895
0.42689	276.65	48.513	0.90138	1.0126	1.2427	0.62304	0.092172
0.42681	277.34	48.532	0.90431	1.0153	1.2422	0.63052	0.089511
0.42666	277.99	48.617	0.90596	1.018	1.2416	0.63803	0.086831
0.42667	278.75	48.566	0.90707	1.0208	1.2411	0.6456	0.08427
0.42649	279.38	48.644	0.90876	1.0236	1.2406	0.65319	0.08174
0.42633	280.03	48.728	0.91042	1.0263	1.24	0.66081	0.079174
0.42631	280.77	48.713	0.91395	1.0291	1.2395	0.66842	0.07662
0.42629	281.52	48.697	0.91746	1.0319	1.239	0.67605	0.074086
0.42639	282.48	48.9	0.91986	1.0352	1.2382	0.68509	0.070345
0.42591	282.79	48.853	0.92162	1.0375	1.238	0.69141	0.069201
0.42566	283.39	48.993	0.92352	1.0403	1.2375	0.69917	0.066776
0.42596	284.52	49.088	0.92848	1.0437	1.2368	0.70847	0.063172
0.42582	285.2	49.15	0.93156	1.0465	1.2363	0.71631	0.060828
0.42557	285.81	49.278	0.93339	1.0494	1.2358	0.72416	0.058491
0.42536	286.45	49.369	0.93511	1.0522	1.2354	0.73209	0.056249
0.42482	286.71	49.304	0.93694	1.0545	1.2352	0.73836	0.055276
0.4246	287.35	49.406	0.93868	1.0574	1.2347	0.7463	0.053036
0.4243	287.93	49.512	0.9406	1.0603	1.2343	0.7543	0.050956
0.42467	289.15	49.659	0.94514	1.0639	1.2336	0.76408	0.047502
0.42397	289.29	49.634	0.94603	1.0661	1.2334	0.77031	0.046664
0.42434	290.52	49.788	0.95014	1.0697	1.2327	0.78022	0.043281
0.42377	290.74	49.671	0.95195	1.072	1.2325	0.78641	0.042467
0.42322	291.97	49.856	0.95555	1.0779	1.2317	0.80267	0.038478
0.42297	292.6	49.982	0.95736	1.0809	1.2313	0.81083	0.036449
0.42274	293.25	49.987	0.96025	1.0839	1.2309	0.81904	0.034616
0.42337	294.7	50.152	0.96488	1.0876	1.2303	0.8294	0.031344
0.42235	294.59	50.155	0.9643	1.0898	1.2301	0.83549	0.030724
0.4216	297.31	50.302	0.97384	1.1019	1.2286	0.86862	0.023346
0.42124	297.89	50.359	0.97574	1.1049	1.2283	0.87702	0.021662
0.42181	300.19	50.665	0.98303	1.112	1.2273	0.8964	0.016886
0.42116	301.4	50.82	0.98672	1.1182	1.2266	0.91343	0.013571
0.42064	303.54	50.919	0.99396	1.1275	1.2256	0.93906	0.008655
0.41916	302.98	50.781	0.99216	1.1294	1.2255	0.94434	0.0083371
0.42004	304.78	51.06	0.99708	1.1338	1.225	0.95627	0.0055312
0.41937	305.15	51.009	0.99822	1.1369	1.2247	0.96499	0.0041345
0.41909	305.79	51.1	0.99883	1.1401	1.2244	0.9737	0.0027423
0.41727	307.02	51.182	0.99964	1.1497	1.2238	1	0
