time	SP	PV	CV	Tci
0	76	76	34.4	320
2	76	75.9999999464343	34.4000046917285	320
4	76	75.9999994667677	34.400041138804	320
6	76	75.9999979000184	34.4001448331712	320
8	76	75.999994421901	34.4003477284232	320
10	76	75.9999881256757	34.4006750504754	320
12	76	75.999978083795	34.4011448065805	320
14	76	75.9999633941865	34.4017683773918	320
16	76	75.999943214328	34.4025514615965	320
18	76	75.9999167856696	34.4034950570769	320
20	76	75.9998834504604	34.4045963544361	320
22	76	75.9998426626173	34.4058495051628	320
24	76	75.9997939939302	34.4072462642559	320
26	76	75.9997371366308	34.4087765208443	320
28	76	75.9996719031244	34.4104287351061	320
30	76	75.9995982235182	34.4121902984002	320
32	76	75.999516141444	34.4140478318431	320
34	76	75.9994258085638	34.4159874360052	320
36	76	75.9993274780722	34.4179949014328	320
38	76	75.9992214974401	34.4200558881809	320
40	76	75.9991083006039	34.4221560800658	320
42	76	75.9989883997589	34.4242813185975	320
44	76	75.9988623768946	34.4264177198481	320
46	76	75.9987308751827	34.4285517769895	320
48	76	75.998594590314	34.430670450385	320
50	76	75.9984542618648	34.4327612467883	320
52	76	75.998310664765	34.4348122885779	320
54	76	75.9981646009286	34.4368123739916	320
56	76	75.9980168911018	34.4387510288198	320
58	76	75.9978683669754	34.4406185501945	320
60	76	75.9977198636061	34.4424060426853	320
62	76	75.9975722121819	34.4441054471145	320
64	76	75.997426233164	34.4457095624741	320
66	76	75.9972827298363	34.4472120609284	320
68	76	75.9971424822832	34.4486074964711	320
70	76	75.997006241817	34.4498913073333	320
72	76	75.9968747258722	34.4510598124508	320
74	76	75.9967486133776	34.4521102022844	320
76	76	75.9966285406157	34.4530405243097	320
78	76	75.9965150975759	34.4538496634508	320
80	76	75.996408824802	34.4545373178302	320
82	76	75.9963102107342	34.4551039701576	320
84	76	75.9962196895406	34.4555508551515	320
86	76	75.9961376394323	34.4558799232635	320
88	76	75.9960643814514	34.456093801221	320
90	76	75.9960001787196	34.4561957496224	320
92	76	75.9959452361327	34.4561896181417	320
94	76	75.995899700485	34.4560797984999	320
96	76	75.9958636610021	34.4558711758327	320
98	76	75.9958371502647	34.4555690786584	320
100	81	75.9958201454968	71.4956687793811	320
102	81	75.995813955328	72.2427492920996	320
104	81	75.995856661137	72.9865036588473	320
106	81	75.9961297147241	73.7141152007408	320
108	81	75.99704890253	74.4009092561147	320
110	81	75.9992929687912	75.0135222065117	320
112	81	76.0037773049836	75.5152631369322	320
114	81	76.0115914566161	75.8713728257424	320
116	81	76.0239199706583	76.0529762085624	320
118	81	76.0419618926391	76.0393882121863	320
120	81	76.0668587795892	75.818940903196	320
122	81	76.0996363868245	75.388707163033	320
124	81	76.1411617962133	74.7535184851912	320
126	81	76.1921155934657	73.9246112360566	320
128	81	76.2529774780046	72.9181481849613	320
130	81	76.3240231089874	71.7537800747084	320
132	81	76.4053298273333	70.4533460739472	320
134	81	76.49678898454	69.039763367553	320
136	81	76.5981228439522	67.5361225478651	320
138	81	76.7089043240938	65.964983680665	320
140	81	76.8285781769143	64.3478549650249	320
142	81	76.9564825044594	62.7048293155673	320
144	81	77.0918697968592	61.0543519995329	320
146	81	77.2339269134884	59.4130931240228	320
148	81	77.3817936252315	57.7959011277449	320
150	81	77.534579490868	56.2158166369011	320
152	81	77.6913789590527	54.6841295097819	320
154	81	77.8512846747166	53.2104652429215	320
156	81	78.0133990306636	51.8028899289418	320
158	81	78.1768440470235	50.4680255431472	320
160	81	78.3407696877246	49.2111694717845	320
162	81	78.5043607381699	48.0364139038305	320
164	81	78.6668423749711	46.946762041973	320
166	81	78.8274845593751	45.9442391052361	320
168	81	78.985605382769	45.0299968554524	320
170	81	79.1405734867537	44.2044109374262	320
172	81	79.2918096727584	43.467170723265	320
174	81	79.4387878077403	42.8173616344978	320
176	81	79.5810351236916	42.2535401109536	320
178	81	79.7181319997989	41.7738015266211	320
180	81	79.8497113074094	41.3758414379043	320
182	81	79.975457389597	41.0570106016208	320
184	81	80.0951047391814	40.8143642293251	320
186	81	80.2084364315932	40.6447059569673	320
188	81	80.3152823620098	40.5446270109231	320
190	81	80.415517329732	40.5105410450749	320
192	81	80.509059006814	40.5387151123332	320
194	81	80.5958658224908	40.6252972193583	320
196	81	80.6759347899531	40.7663408957007	320
198	81	80.7492992974808	40.9578271891967	320
200	81	80.8160268818475	41.195684479025	320
202	81	80.8762169982284	41.4758064753433	320
204	81	80.9299987975727	41.7940687513833	320
206	81	80.9775289195264	42.1463441286146	320
208	81	81.0189893064938	42.5285172092762	320
210	81	81.054585042315	42.9364983216999	320
212	81	81.0845422172776	43.3662371138603	320
214	81	81.1091058198062	43.8137359970022	320
216	81	81.1285376541365	44.2750636062512	320
218	81	81.1431142826155	44.7463684071038	320
220	81	81.15312499094	45.2238925364217	320
222	81	81.1588697746533	45.7039859244672	320
224	81	81.1606573455613	46.1831207003127	320
226	81	81.1588031573552	46.6579058387245	320
228	81	81.1536274506462	47.1251019615156	320
230	81	81.1454533187644	47.5816361633503	320
232	81	81.1346047970202	48.0246166912081	320
234	81	81.12140497962	48.4513472698175	320
236	81	81.1061741699919	48.8593408350583	320
238	81	81.0892280718715	49.24633241289	320
240	81	81.070876030017	49.6102908670543	320
242	81	81.0514193308206	49.9494292331283	320
244	81	81.0311495742684	50.2622133623124	320
246	81	81.0103471296083	50.5473686148183	320
248	81	80.9892796876612	50.8038843704742	320
250	81	80.9682009228962	51.0310161620938	320
252	81	80.947349278163	51.2282852843442	320
254	81	80.9269468843136	51.3954757854104	320
256	81	80.907198625857	51.5326288085083	320
258	81	80.8882913623039	51.6400343131795	320
260	81	80.8703933130065	51.7182202687105	320
262	81	80.853653611152	51.7679394729319	320
264	81	80.8382020301948	51.7901542043511	320
266	81	80.8241488834907	51.7860189643589	320
268	81	80.8115850953179	51.7568616053388	320
270	81	80.8005824389216	51.7041631695527	320
272	81	80.7911939347731	51.6295367825656	320
274	81	80.7834543999836	51.5347059517044	320
276	81	80.7773811377989	51.4214826174857	320
278	81	80.7729747543873	51.2917452929502	320
280	81	80.7702200887519	51.1474176047197	320
282	81	80.7690872405601	50.9904475214716	320
284	81	80.7695326800136	50.822787521905	320
286	81	80.7715004235435	50.6463759176707	320
288	81	80.7749232591215	50.4631195072827	320
290	81	80.7797240052768	50.2748776978532	320
292	81	80.7858167884757	50.0834481928036	320
294	81	80.7931083243149	49.8905543070838	320
296	81	80.8014991889658	49.6978339374679	320
298	81	80.8108850684216	49.5068301855821	320
300	81	80.8211579743378	49.3189836042171	320
302	81	80.8322074165399	49.1356260156214	320
304	81	80.8439215235998	48.9579758317847	320
306	81	80.8561881041995	48.7871347923521	320
308	81	80.8688956432973	48.6240860253498	320
310	81	80.8819342283523	48.4696933282444	320
312	81	80.8951964020464	48.3247015628693	320
314	81	80.9085779390305	48.1897380561946	320
316	81	80.9219785452456	48.0653148989984	320
318	81	80.9353024792695	47.9518320375264	320
320	81	80.9484590959682	47.8495810565676	320
322	81	80.9613633134456	47.758749557685	320
324	81	80.9739360049155	47.6794260415627	320
326	81	80.9861043176507	47.6116052102715	320
328	81	80.9978019216181	47.555193610933	320
330	81	81.0089691907735	47.5100155495217	320
332	81	81.0195533202909	47.4758192093703	320
334	81	81.0295083832286	47.4522829153889	320
336	81	81.0387953303088	47.439021490774	320
338	81	81.0473819366077	47.4355926583069	320
340	81	81.0552426990296	47.4415034433789	320
342	81	81.0623586884745	47.4562165403889	320
344	81	81.0687173606176	47.4791566080016	320
346	81	81.0743123291959	47.5097164623484	320
348	81	81.0791431056558	47.5472631404051	320
350	81	81.0832148089549	47.5911438081817	320
352	81	81.0865378492359	47.6406914909919	320
354	81	81.0891275890105	47.6952306045067	320
356	81	81.0910039853901	47.7540822675676	320
358	81	81.0921912168099	47.8165693785887	320
360	81	81.0927172975794	47.8820214391889	320
362	81	81.0926136834892	47.9497791094695	320
364	81	81.0919148715899	48.0191984807314	320
366	81	81.0906579971386	48.0896550525735	320
368	81	81.0888824305955	48.1605474021241	320
370	81	81.0866293774193	48.2313005350749	320
372	81	81.0839414832894	48.3013689087081	320
374	81	81.0808624472396	48.3702391194545	320
376	81	81.0774366450555	48.4374322483563	320
378	81	81.0737087651307	48.5025058603576	320
380	81	81.0697234588307	48.5650556545453	320
382	81	81.0655250072443	48.6247167653124	320
384	81	81.0611570060373	48.6811647158598	320
386	81	81.0566620699419	48.7341160284309	320
388	81	81.0520815582347	48.7833284976231	320
390	81	81.0474553223621	48.8286011356377	320
392	81	81.0428214766788	48.8697738008184	320
394	81	81.0382161930626	48.9067265230506	320
396	81	81.0336735199664	48.9393785419491	320
398	81	81.0292252262667	48.9676870756132	320
400	81	81.0249006700574	48.9916458402291	320
402	81	81.020726692345	49.0112833418119	320
404	81	81.0167275353985	49.0266609634302	320
406	81	81.0129247853215	49.0378708720945	320
408	81	81.0093373382267	49.0450337707557	320
410	81	81.0059813892291	49.0482965210523	320
412	81	81.002870443309	49.0478296631722	320
414	81	81.0000153469508	49.0438248589261	320
416	81	80.9974243393372	49.0364922838347	320
418	81	80.9951031217575	49.0260579936663	320
420	81	80.9930549437961	49.0127612896283	320
422	81	80.9912807047835	48.9968521056462	320
424	81	80.9897790689314	48.9785884396508	320
426	81	80.9885465925286	48.9582338492892	320
428	81	80.9875778615479	48.9360550307517	320
430	81	80.9868656380017	48.9123194978193	320
432	81	80.9864010133954	48.8872933760368	320
434	81	80.9861735676456	48.8612393250955	320
436	81	80.9861715318693	48.8344146006952	320
438	81	80.9863819534985	48.8070692648341	320
440	81	80.9867908622394	48.7794445517999	320
442	81	80.9873834354644	48.7517713951736	320
444	81	80.9881441617105	48.7242691191992	320
446	81	80.9890570010439	48.6971442963391	320
448	81	80.9901055411488	48.6705897710993	320
450	81	80.9912731480977	48.644783848668	320
452	81	80.9925431108625	48.6198896457212	320
454	81	80.9938987787379	48.5960545991121	320
456	81	80.9953236909468	48.5734101275828	320
458	81	80.996801697811	48.5520714401623	320
460	81	80.998317072973	48.5321374843017	320
462	81	80.9998546162589	48.5136910260948	320
464	81	81.0013997468699	48.496798854296	320
466	81	81.0029385866917	48.4815120992272	320
468	81	81.0044580335979	48.4678666575185	320
470	81	81.0059458247127	48.4558837133741	320
472	81	81.0073905896823	48.4455703465714	320
474	81	81.0087818940778	48.4369202177451	320
476	81	81.0101102731251	48.4299143211272	320
478	81	81.0113672560211	48.4245217953651	320
480	81	81.0125453811549	48.420700782814	320
482	81	81.0136382026051	48.4183993282331	320
484	81	81.0146402883304	48.4175563077751	320
486	81	81.0155472105132	48.4181023796625	320
488	81	81.0163555285476	48.4199609482283	320
490	81	81.0170627651952	48.4230491333139	320
492	81	81.0176673764539	48.4272787374915	320
494	81	81.0181687157051	48.4325572039102	320
496	81	81.0185669927127	48.4387885582339	320
498	81	81.0188632280632	48.445874328257	320
500	81	81.0190592036329	48.4537144355619	320
502	81	81.0191574096695	48.4622080540222	320
504	81	81.0191609890714	48.4712544303117	320
506	81	81.0190736794379	48.4807536621905	320
508	81	81.0188997534501	48.4906074309226	320
510	81	81.0186439581264	48.5007196845454	320
512	81	81.0183114534804	48.5109972692273	320
514	81	81.0179077510813	48.5213505066512	320
516	81	81.0174386529968	48.5316937155664	320
518	81	81.0169101915721	48.5419456763597	320
520	81	81.0163285704641	48.5520300378987	320
522	81	81.0157001073274	48.5618756663587	320
524	81	81.0150311785107	48.5714169360726	320
526	81	81.0143281660919	48.5805939632178	320
528	81	81.0135974075443	48.5893527830985	320
530	81	81.0128451482958	48.5976454724844	320
532	81	81.0120774974019	48.6054302188047	320
534	81	81.0113003865247	48.612671338026	320
536	81	81.0105195323722	48.6193392437656	320
538	81	81.0097404027148	48.6254103702757	320
540	81	81.0089681860711	48.6308670518875	320
542	81	81.0082077651121	48.6356973623673	320
544	81	81.0074636938093	48.6398949170336	320
546	81	81.0067401783155	48.6434586413697	320
548	81	81.006041061545	48.6463925093328	320
550	81	81.0053698113852	48.6487052550658	320
552	81	81.0047295124527	48.6504100616402	320
554	81	81.0041228612796	48.6515242303471	320
556	81	81.0035521647952	48.6520688341448	320
558	81	81.0030193419487	48.6520683589937	320
560	81	81.0025259283036	48.6515503362309	320
562	81	81.0020730834132	48.6505449697081	320
564	81	81.0016616007833	48.6490847606129	320
566	81	81.0012919202083	48.6472041333767	320
568	81	81.0009641422638	48.644939065392	320
570	81	81.000678044732	48.6423267234017	320
572	81	81.0004331007312	48.6394051091297	320
574	81	81.0002284983184	48.6362127164641	320
576	81	81.0000631613354	48.6327882023628	320
578	81	80.9999357712696	48.62917007341	320
580	81	80.999844789904	48.625396389751	320
582	81	80.9997884825381	48.6215044877401	320
584	81	80.9997649415645	48.6175307227423	320
586	81	80.9997721101987	48.6135102328853	320
588	81	80.999807806165	48.6094767247267	320
590	81	80.9998697451538	48.60546228128	320
592	81	80.9999555638773	48.601497192829	320
594	81	81.0000628425614	48.5976098106285	320
596	81	81.0001891267257	48.5938264235469	320
598	81	81.0003319481167	48.5901711572884	320
600	81	81.0004888446715	48.5866658959583	320
602	81	81.0006573794063	48.5833302253491	320
604	81	81.000835158136	48.5801813972149	320
606	81	81.001019845944	48.5772343138754	320
608	81	81.0012091823403	48.5745015319588	320
610	81	81.0014009950531	48.5719932845677	320
612	81	81.0015932124191	48.5697175204087	320
614	81	81.0017838743451	48.5676799589376	320
616	81	81.0019711418304	48.5658841601177	320
618	81	81.0021533050484	48.5643316075523	320
620	81	81.0023287899992	48.5630218036006	320
622	81	81.0024961637548	48.5619523751022	320
624	81	81.0026541383281	48.5611191883759	320
626	81	81.002801573206	48.5605164720856	320
628	81	81.0029374765974	48.5601369466118	320
630	81	81.0030610054511	48.5599719585153	320
632	81	81.0031714643069	48.560011618962	320
634	81	81.0032683030503	48.5602449445291	320
636	81	81.0033511136436	48.5606599995182	320
638	81	81.0034196259127	48.5612440382834	320
640	81	81.0034737024703	48.5619836466387	320
642	81	81.0035133328604	48.5628648812534	320
644	81	81.0035386270099	48.5638734060044	320
646	81	81.0035498080731	48.5649946244473	320
648	81	81.0035472047585	48.566213807513	320
650	81	81.0035312432223	48.5675162157082	320
652	81	81.0035024386153	48.5688872151501	320
654	81	81.0034613863674	48.5703123868128	320
656	81	81.0034087532906	48.571777628538	320
658	81	81.0033452685807	48.5732692493174	320
660	81	81.0032717147907	48.5747740555909	320
662	81	81.003188918852	48.5762794291422	320
664	81	81.003097743208	48.5777733965709	320
666	81	81.0029990771244	48.5792446901958	320
668	81	81.0028938282367	48.5806828002403	320
670	81	81.0027829143879	48.5820780184266	320
672	81	81.002667255804	48.5834214731645	320
674	81	81.002547767656	48.5847051561833	320
676	81	81.0024253530404	48.5859219412487	320
678	81	81.0023008964178	48.5870655948591	320
680	81	81.0021752575345	48.5881307794332	320
682	81	81.0020492658498	48.5891130493252	320
684	81	81.0019237154898	48.5900088400057	320
686	81	81.0017993607356	48.590815450924	320
688	81	81.0016769120596	48.591531022433	320
690	81	81.0015570327077	48.5921545072741	320
692	81	81.001440335831	48.592685637161	320
694	81	81.0013273821571	48.5931248849786	320
696	81	81.001218678195	48.593473423039	320
698	81	81.0011146749589	48.5937330780095	320
700	81	81.0010157671943	48.5939062829871	330
702	81	81.000924169196	48.5938282625794	330
704	81	81.000862346266	48.5917984760331	330
706	81	81.0008833445079	48.5846482437437	330
708	81	81.0010603035839	48.5691563929683	330
710	81	81.001476791355	48.5426800093977	330
712	81	81.002219532926	48.5033237877277	330
714	81	81.0033730383212	48.4499165020482	330
716	81	81.0050157241227	48.3819170733546	330
718	81	81.0072172031255	48.2993041998098	330
720	81	81.0100364824664	48.2024716893539	330
722	81	81.0135208654622	48.0921371456911	330
724	81	81.0177053966837	47.9692653306136	330
726	81	81.0226127250304	47.8350049952501	330
728	81	81.0282532872096	47.6906371709538	330
730	81	81.0346257354635	47.5375328579797	330
732	81	81.0417175498759	47.3771182881506	330
734	81	81.0495057881973	47.2108462577739	330
736	81	81.0579579357424	47.0401723386169	330
738	81	81.0670328252518	46.8665350441712	330
740	81	81.0766816022423	46.6913392461273	330
742	81	81.0868487157335	46.5159423061702	330
744	81	81.0974729176686	46.3416425162516	330
746	81	81.1084882570879	46.1696695359226	330
748	81	81.1198250573658	46.00117658379	330
750	81	81.1314108666921	45.8372341896246	330
752	81	81.1431713735888	45.6788253482054	330
754	81	81.1550312806491	45.5268419400595	330
756	81	81.166915130926	45.3820823010367	330
758	81	81.1787480824997	45.2452498348462	330
760	81	81.1904566277572	45.1169525705517	330
762	81	81.2019692548111	44.9977035741625	330
764	81	81.2132170493044	44.8879221282213	330
766	81	81.2241342355769	44.7879355979483	330
768	81	81.2346586568261	44.6979819069376	330
770	81	81.2447321944811	44.6182125491734	330
772	81	81.2543011275219	44.5486960685206	330
774	81	81.2633164329278	44.4894219408624	330
776	81	81.2717340288261	44.4403047982987	330
778	81	81.2795149622498	44.4011889387405	330
780	81	81.286625543683	44.3718530686695	330
782	81	81.2930374308131	44.3520152304666	330
784	81	81.2987276640871	44.3413378696733	330
786	81	81.3036786568213	44.3394330011782	330
788	81	81.307878142722	44.3458674365307	330
790	81	81.3113190837554	44.360168037996	330
792	81	81.3139995413602	44.3818269673081	330
794	81	81.3159225140217	44.4103069002836	330
796	81	81.3170957442416	44.445046180102	330
798	81	81.3175314979265	44.4854638846041	330
800	81	81.3172463191992	44.5309647843217	330
802	81	81.3162607636047	44.5809441700116	330
804	81	81.314599112638	44.6347925293266	330
806	81	81.3122890724742	44.6919000539488	330
808	81	81.3093614597193	44.7516609594109	330
810	81	81.3058498769383	44.8134776010077	330
812	81	81.30179038065	44.8767643700005	330
814	81	81.2972211443962	44.940951355872	330
816	81	81.2921821194212	45.0054877606403	330
818	81	81.2867146954035	45.0698450532296	330
820	81	81.2808613635956	45.133519852317	330
822	81	81.2746653846265	45.196036528047	330
824	81	81.2681704631169	45.2569495139087	330
826	81	81.2614204311478	45.3158453219744	330
828	81	81.2544589424996	45.3723442561989	330
830	81	81.2473291794552	45.4261018204914	330
832	81	81.2400735738241	45.476809819958	330
834	81	81.2327335437021	45.5241971559333	330
836	81	81.2253492473308	45.568030317515	330
838	81	81.2179593552634	45.6081135744637	330
840	81	81.2106008418811	45.644288878424	330
842	81	81.2033087971319	45.6764354818433	330
844	81	81.1961162591946	45.7044692857398	330
846	81	81.1890540685893	45.7283419298807	330
848	81	81.1821507440791	45.7480396407146	330
850	81	81.1754323805303	45.7635818540189	330
852	81	81.1689225687185	45.7750196311157	330
854	81	81.1626423368963	45.7824338887314	330
856	81	81.156610113768	45.7859334637103	330
858	81	81.150841712355	45.7856530348898	330
860	81	81.1453503340819	45.7817509248045	330
862	81	81.1401465922709	45.7744068044938	330
864	81	81.1352385540941	45.7638193249085	330
866	81	81.130631799922	45.7502036977442	330
868	81	81.1263294988915	45.7337892488447	330
870	81	81.1223324994319	45.7148169659874	330
872	81	81.1186394334052	45.6935370624733	330
874	81	81.1152468324587	45.670206576704	330
876	81	81.1121492551422	45.6450870265352	330
878	81	81.1093394233098	45.6184421359946	330
880	81	81.1068083663139	45.5905356503957	330
882	81	81.1045455714952	45.5616292541799	330
884	81	81.1025391394922	45.5319806040587	330
886	81	81.1007759429124	45.5018414885624	330
888	81	81.0992417869547	45.4714561231087	330
890	81	81.0979215706185	45.4410595879531	330
892	81	81.0967994471952	45.4108764149417	330
894	81	81.0958589828098	45.3811193270271	330
896	81	81.0950833118551	45.3519881330829	330
898	81	81.0944552882447	45.3236687789572	330
900	81	81.0939576314988	45.2963325544305	330
902	81	81.0935730667706	45.270135454203	330
904	81	81.093284458014	45.2452176900621	330
906	81	81.0930749335888	45.221703350134	330
908	81	81.0929280037017	45.1997002001572	330
910	81	81.0928276691703	45.1792996209798	330
912	81	81.0927585210992	45.1605766755283	330
914	81	81.0927058311467	45.1435902980289	330
916	81	81.0926556321519	45.1283835976786	330
918	81	81.0925947889797	45.1149842683787	330
920	81	81.0925110595226	45.1034050962021	330
922	81	81.0923931458803	45.0936445554481	330
924	81	81.0922307358073	45.0856874845436	330
926	81	81.0920145345932	45.0795058325515	330
928	81	81.0917362875996	45.0750594673238	330
930	81	81.0913887937409	45.0722970361194	330
932	81	81.0909659102446	45.0711568698375	330
934	81	81.0904625490803	45.0715679220892	330
936	81	81.0898746654823	45.0734507345885	330
938	81	81.0891992390349	45.076718420417	330
940	81	81.0884342478167	45.0812776573273	330
942	81	81.0875786361268	45.0870296832919	330
944	81	81.0866322763409	45.0938712869679	330
946	81	81.0855959254588	45.1016957862016	330
948	81	81.0844711769156	45.1103939879781	330
950	81	81.0832604082425	45.1198551236464	330
952	81	81.0819667251584	45.129967753866	330
954	81	81.0805939026769	45.1406206379672	330
956	81	81.0791463238076	45.1517035629933	330
958	81	81.0776289164204	45.1631081282401	330
960	81	81.0760470888308	45.1747284813309	330
962	81	81.0744066646467	45.1864620027735	330
964	81	81.0727138174004	45.1982099359812	330
966	81	81.0709750054655	45.2098779606921	330
968	81	81.0691969077382	45.2213767077242	330
970	81	81.0673863605307	45.2326222139771	330
972	81	81.0655502961006	45.2435363167661	330
974	81	81.0636956832072	45.2540469870393	330
976	81	81.0618294700561	45.2640886016682	330
978	81	81.059958529955	45.2736021554022	330
980	81	81.0580896099779	45.2825354132594	330
982	81	81.0562292828914	45.2908430048788	330
984	81	81.0543839025672	45.2984864625037	330
986	81	81.0525595630651	45.3054342047681	330
988	81	81.0507620615406	45.3116614685442	330
990	81	81.0489968650885	45.3171501917881	330
992	81	81.0472690816047	45.3218888502684	330
994	81	81.0455834347142	45.3258722513215	330
996	81	81.0439442427753	45.3291012882943	330
998	81	81.0423554019448	45.3315826589659	330
1000	81	81.0408203732539	45.3333285519622	330
1002	81	81.039342173617	45.3343563048115	330
1004	81	81.0379233706693	45.3346880375679	330
1006	81	81.0365660813041	45.3343502659961	330
1008	81	81.0352719737566	45.3333734980509	330
1010	81	81.0340422730596	45.3317918177915	330
1012	81	81.0328777696816	45.3296424602605	330
1014	81	81.0317788311358	45.3269653812849	330
1016	81	81.0307454163403	45.3238028255988	330
1018	81	81.0297770924931	45.3201988968917	330
1020	81	81.0288730542209	45.3161991329001	330
1022	81	81.0280321447495	45.3118500888273	330
1024	81	81.0272528788423	45.3071989317788	330
1026	81	81.0265334672492	45.3022930490152	330
1028	81	81.0258718424095	45.2971796723335	330
1030	81	81.0252656851515	45.2919055209504	330
1032	81	81.0247124521386	45.2865164645965	330
1034	81	81.0242094038165	45.2810572086573	330
1036	81	81.0237536326198	45.2755710028153	330
1038	81	81.0233420912121	45.2700993742303	330
1040	81	81.0229716205369	45.264681886353	330
1042	81	81.0226389774732	45.2593559239359	330
1044	81	81.0223408618996	45.2541565047634	330
1046	81	81.022073942986	45.2491161182554	330
1048	81	81.0218348845446	45.2442645909994	330
1050	81	81.02162036929	45.2396289789029	330
1052	81	81.0214271218687	45.235233485683	330
1054	81	81.0212519305405	45.2310994069597	330
1056	81	81.0210916674043	45.2272450993067	330
1058	81	81.0209433070812	45.2236859732169	330
1060	81	81.0208039437819	45.2204345090159	330
1062	81	81.0206708067016	45.2175002944752	330
1064	81	81.0205412737003	45.2148900828731	330
1066	81	81.020412883244	45.2126078700329	330
1068	81	81.0202833445927	45.2106549889659	330
1070	81	81.02015054624	45.2090302204923	330
1072	81	81.020012562618	45.2077299182863	330
1074	81	81.0198676590961	45.2067481468333	330
1076	81	81.0197142953138	45.206076830405	330
1078	81	81.0195511268987	45.2057059116245	330
1080	81	81.019377005628	45.2056235179584	330
1082	81	81.0191909781065	45.2058161343871	330
1084	81	81.018992283036	45.206268780745	330
1086	81	81.0187803471627	45.2069651921898	330
1088	81	81.0185547799926	45.207888001233	330
1090	81	81.018315367372	45.2090189198911	330
1092	81	81.018062064033	45.2103389205908	330
1094	81	81.017794985207	45.2118284145318	330
1096	81	81.0175143974142	45.2134674262193	330
1098	81	81.017220708534	45.2152357630226	330
1100	81	81.0169144572666	45.2171131787504	330
1102	81	81.0165963020915	45.2190795302478	330
1104	81	81.0162670098311	45.2211149260852	330
1106	81	81.0159274439234	45.2231998666911	330
1108	81	81.015578552506	45.2253153750883	330
1110	81	81.0152213564112	45.2274431178172	330
1112	81	81.0148569371665	45.2295655154688	330
1114	81	81.0144864250916	45.231665842512	330
1116	81	81.014110987579	45.2337283161195	330
1118	81	81.0137318176384	45.2357381737099	330
1120	81	81.0133501227789	45.2376817393635	330
1122	81	81.012967114301	45.2395464788048	330
1124	81	81.0125839970584	45.2413210433419	330
1126	81	81.0122019597484	45.2429953026229	330
1128	81	81.0118221657803	45.2445603667275	330
1130	81	81.0114457447649	45.2460085977332	330
1132	81	81.0110737846619	45.2473336112097	330
1134	81	81.0107073246161	45.248530268067	330
1136	81	81.0103473485042	45.2495946572361	330
1138	81	81.0099947792114	45.2505240697661	330
1140	81	81.0096504736465	45.2513169648427	330
1142	81	81.0093152185012	45.2519729284671	330
1144	81	81.0089897267515	45.2524926253553	330
1146	81	81.0086746348948	45.2528777447333	330
1148	81	81.0083705009105	45.2531309407454	330
1150	81	81.0080778029263	45.2532557681991	330
1152	81	81.0077969385678	45.2532566142831	330
1154	81	81.0075282249677	45.2531386270077	330
1156	81	81.0072718994012	45.2529076410882	330
1158	81	81.0070281205168	45.2525701018563	330
1160	81	81.0067969701239	45.2521329880461	330
1162	81	81.0065784555013	45.2516037338514	330
1164	81	81.0063725121797	45.2509901511889	330
1166	81	81.0061790071617	45.2503003524648	330
1168	81	81.0059977425292	45.2495426746142	330
1170	81	81.0058284593956	45.2487256048452	330
1172	81	81.0056708421566	45.247857708611	330
1174	81	81.0055245229917	45.2469475602479	330
1176	81	81.005389086572	45.2460036767443	330
1178	81	81.0052640749277	45.2450344548777	330
1180	81	81.0051489924313	45.244048112188	330
1182	81	81.0050433108515	45.2430526320418	330
1184	81	81.0049464744375	45.2420557129222	330
1186	81	81.0048579049916	45.241064722253	330
1188	81	81.0047770068929	45.2400866548345	330
1190	81	81.0047031720338	45.2391280960889	330
1192	81	81.0046357846376	45.238195190061	330
1194	81	81.0045742259242	45.2372936122295	330
1196	81	81.0045178785944	45.2364285472423	330
1198	81	81.0044661311077	45.2356046713428	330
1200	81	81.0044183817292	45.2348261395691	330
1202	81	81.0043740423258	45.2340965774301	330
1204	81	81.0043325418928	45.2334190771233	330
1206	81	81.004293329797	45.2327961979019	330
1208	81	81.0042558787239	45.2322299706107	330
1210	81	81.0042196873188	45.2317219060081	330
1212	81	81.0041842825174	45.231273006674	330
1214	81	81.0041492215599	45.2308837823149	330
1216	81	81.0041140936889	45.2305542681312	330
1218	81	81.0040785215313	45.2302840459683	330
1220	81	81.0040421621693	45.2300722679795	330
1222	81	81.0040047079044	45.2299176825104	330
1224	81	81.0039658867243	45.2298186619136	330
1226	81	81.0039254624806	45.2297732319264	330
1228	81	81.003883234791	45.2297791024581	330
1230	81	81.003839038677	45.2298336992813	330
1232	81	81.0037927439543	45.2299341965488	330
1234	81	81.0037442543885	45.2300775497475	330
1236	81	81.0036935066364	45.2302605287625	330
1238	81	81.003640468988	45.2304797509731	330
1240	81	81.0035851399295	45.2307317139225	330
1242	81	81.0035275465453	45.231012827465	330
1244	81	81.0034677427791	45.2313194451022	330
1246	81	81.0034058075725	45.2316478943847	330
1248	81	81.0033418429027	45.2319945060838	330
1250	81	81.0032759717372	45.2323556420258	330
1252	81	81.0032083359249	45.2327277214436	330
1254	81	81.0031390940445	45.2331072456734	330
1256	81	81.0030684192244	45.2334908211618	330
1258	81	81.0029964969575	45.233875180528	330
1260	81	81.0029235229216	45.2342572018485	330
1262	81	81.0028497008281	45.2346339258063	330
1264	81	81.0027752403083	45.235002570901	330
1266	81	81.0027003548557	45.235360546629	330
1268	81	81.0026252598354	45.2357054645813	330
1270	81	81.0025501705734	45.2360351474506	330
1272	81	81.0024753005365	45.2363476361097	330
1274	81	81.0024008596134	45.2366411945972	330
1276	81	81.0023270525027	45.2369143132787	330
1278	81	81.0022540772203	45.2371657100139	330
1280	81	81.0021821237259	45.2373943296688	330
1282	81	81.0021113726788	45.2375993418036	330
1284	81	81.0020419943245	45.2377801367553	330
1286	81	81.0019741475139	45.2379363202897	330
1288	81	81.0019079788573	45.2380677067985	330
1290	81	81.0018436220146	45.238174311162	330
1292	81	81.0017811971195	45.2382563395182	330
1294	81	81.0017208103346	45.2383141790147	330
1296	81	81.0016625535398	45.2383483864855	330
1298	81	81.0016065041438	45.2383596765411	330
1300	81	81.0015527250199	45.2383489088228	330
1302	81	81.0015012645575	45.2383170748545	330
1304	81	81.0014521568252	45.2382652844179	330
1306	81	81.0014054218387	45.2381947516346	330
1308	81	81.001361065927	45.2381067809005	330
1310	81	81.0013190821888	45.2380027527792	330
1312	81	81.0012794510321	45.2378841099296	330
1314	81	81.0012421407891	45.2377523432137	330
1316	81	81.0012071083977	45.2376089780325	330
1318	81	81.0011743001417	45.2374555610956	330
1320	81	81.0011436524415	45.2372936475276	330
1322	81	81.0011150926864	45.237124788586	330
1324	81	81.0010885401002	45.236950519906	330
1326	81	81.0010639066328	45.2367723504247	330
1328	81	81.0010410978688	45.2365917519866	330
1330	81	81.0010200139454	45.2364101497894	330
1332	81	81.0010005504723	45.2362289135097	330
1334	81	81.0009825994476	45.2360493492865	330
1336	81	81.0009660501599	45.2358726926474	330
1338	81	81.0009507900738	45.2357001021527	330
1340	81	81.0009367056896	45.2355326540442	330
1342	81	81.0009236833741	45.2353713376856	330
1344	81	81.0009116101565	45.2352170519078	330
1346	81	81.0009003744839	45.2350706022132	330
1348	81	81.0008898669346	45.2349326988086	330
1350	81	81.0008799808836	45.2348039554759	330
1352	81	81.0008706131178	45.2346848892337	330
1354	81	81.0008616643999	45.2345759207317	330
1356	81	81.0008530399768	45.2344773753745	330
1358	81	81.0008446500325	45.234389485138	330
1360	81	81.0008364100845	45.2343123909945	330
1362	81	81.000828241322	45.2342461459626	330
1364	81	81.0008200708873	45.2341907186493	330
1366	81	81.0008118321006	45.2341459973143	330
1368	81	81.000803464628	45.23411179432	330
1370	81	81.0007949145946	45.2340878510372	330
1372	81	81.0007861346458	45.2340738429451	330
1374	81	81.0007770839544	45.2340693851922	330
1376	81	81.0007677281819	45.2340740381512	330
1378	81	81.0007580393906	45.2340873133203	330
1380	81	81.0007479959131	45.2341086792282	330
1382	81	81.0007375821809	45.2341375674299	330
1384	81	81.0007267885144	45.234173378549	330
1386	81	81.00071561088	45.2342154881849	330
1388	81	81.0007040506139	45.2342632528878	330
1390	81	81.0006921141211	45.2343160158545	330
1392	81	81.0006798125477	45.2343731126143	330
1394	81	81.000667161435	45.2344338763627	330
1396	81	81.0006541803549	45.2344976432515	330
1398	81	81.000640892533	45.2345637572326	330
1400	81	81.0006273244617	45.2346315747645	330
